MEME version 5.5.3

ALPHABET= ACGT

strands: +

Background letter frequencies (from ../bac_arc_db_07112023_CRISPRDetect3_default_08042023_new_ref_200bp_no_repeat_triple_annotation_cleaned_above_200bp_IA_Bacillota_currated_uclust_75_bg.txt):
 A 0.300 C 0.200 G 0.200 T 0.300

MOTIF 1 MEME-1

letter-probability matrix: alength= 4 w= 23 nsites= 16 E= 5.0e-001
 0.750000  0.062500  0.000000  0.187500
 0.750000  0.000000  0.250000  0.000000
 0.312500  0.250000  0.437500  0.000000
 0.312500  0.250000  0.000000  0.437500
 0.562500  0.187500  0.125000  0.125000
 0.250000  0.187500  0.250000  0.312500
 0.125000  0.000000  0.437500  0.437500
 0.000000  0.000000  0.687500  0.312500
 0.437500  0.125000  0.250000  0.187500
 1.000000  0.000000  0.000000  0.000000
 0.250000  0.000000  0.250000  0.500000
 0.250000  0.000000  0.250000  0.500000
 0.625000  0.187500  0.000000  0.187500
 0.375000  0.250000  0.000000  0.375000
 0.437500  0.187500  0.000000  0.375000
 0.562500  0.125000  0.250000  0.062500
 0.312500  0.062500  0.500000  0.125000
 0.000000  0.125000  0.562500  0.312500
 0.312500  0.000000  0.562500  0.125000
 0.187500  0.187500  0.062500  0.562500
 0.125000  0.000000  0.125000  0.750000
 0.312500  0.125000  0.375000  0.187500
 0.000000  0.000000  0.562500  0.437500


MOTIF 2 MEME-11

letter-probability matrix: alength= 4 w= 6 nsites= 10 E= 5.7e-001
 0.000000  1.000000  0.000000  0.000000
 0.000000  0.000000  0.900000  0.100000
 1.000000  0.000000  0.000000  0.000000
 0.600000  0.400000  0.000000  0.000000
 1.000000  0.000000  0.000000  0.000000
 0.900000  0.100000  0.000000  0.000000


MOTIF 3 MEME-2

letter-probability matrix: alength= 4 w= 9 nsites= 10 E= 5.8e-001
 0.100000  0.000000  0.000000  0.900000
 0.100000  0.000000  0.000000  0.900000
 0.200000  0.000000  0.000000  0.800000
 0.000000  0.000000  1.000000  0.000000
 0.000000  0.500000  0.500000  0.000000
 0.000000  0.000000  0.700000  0.300000
 0.200000  0.000000  0.700000  0.100000
 0.300000  0.000000  0.100000  0.600000
 1.000000  0.000000  0.000000  0.000000
