MEME version 5.5.3

ALPHABET= ACGT

strands: +

Background letter frequencies (from ../bac_arc_db_07112023_CRISPRDetect3_default_08042023_new_ref_200bp_no_repeat_triple_annotation_cleaned_above_200bp_IA_Thermoproteota_currated_uclust_75_bg.txt):
 A 0.300 C 0.200 G 0.200 T 0.300

MOTIF 1 MEME-1

letter-probability matrix: alength= 4 w= 16 nsites= 121 E= 1.5e-003
 0.727273  0.157025  0.107438  0.008264
 0.479339  0.115702  0.280992  0.123967
 0.479339  0.181818  0.107438  0.231405
 0.942149  0.024793  0.033058  0.000000
 0.586777  0.000000  0.247934  0.165289
 0.479339  0.214876  0.066116  0.239669
 0.247934  0.239669  0.512397  0.000000
 0.768595  0.099174  0.000000  0.132231
 0.504132  0.165289  0.000000  0.330579
 0.586777  0.041322  0.272727  0.099174
 0.867769  0.132231  0.000000  0.000000
 0.694215  0.000000  0.297521  0.008264
 0.330579  0.330579  0.041322  0.297521
 0.561983  0.090909  0.099174  0.247934
 0.223140  0.347107  0.016529  0.413223
 0.851240  0.000000  0.115702  0.033058


MOTIF 2 MEME-18

letter-probability matrix: alength= 4 w= 6 nsites= 15 E= 2.5e-001
 0.066667  0.000000  0.000000  0.933333
 0.733333  0.000000  0.000000  0.266667
 1.000000  0.000000  0.000000  0.000000
 1.000000  0.000000  0.000000  0.000000
 0.000000  0.000000  0.000000  1.000000
 1.000000  0.000000  0.000000  0.000000
