MEME version 5.5.3

ALPHABET= ACGT

strands: +

Background letter frequencies (from ../bac_arc_db_07112023_CRISPRDetect3_default_08042023_new_ref_200bp_no_repeat_triple_annotation_cleaned_above_200bp_IB_Actinomycetota_currated_uclust_75_bg.txt):
 A 0.186 C 0.314 G 0.314 T 0.186

MOTIF 1 MEME-7

letter-probability matrix: alength= 4 w= 9 nsites= 13 E= 7.4e-001
 0.076923  0.923077  0.000000  0.000000
 0.000000  0.615385  0.384615  0.000000
 0.000000  0.000000  0.000000  1.000000
 0.000000  0.000000  0.461538  0.538462
 0.538462  0.461538  0.000000  0.000000
 0.000000  0.692308  0.153846  0.153846
 0.000000  1.000000  0.000000  0.000000
 1.000000  0.000000  0.000000  0.000000
 0.000000  0.384615  0.615385  0.000000


MOTIF 2 MEME-1

letter-probability matrix: alength= 4 w= 22 nsites= 55 E= 9.1e-006
 0.000000  0.163636  0.127273  0.709091
 0.000000  0.000000  1.000000  0.000000
 0.381818  0.272727  0.345455  0.000000
 0.236364  0.345455  0.236364  0.181818
 0.000000  0.763636  0.054545  0.181818
 0.345455  0.109091  0.200000  0.345455
 0.000000  0.000000  0.818182  0.181818
 0.181818  0.472727  0.218182  0.127273
 0.145455  0.054545  0.400000  0.400000
 0.200000  0.127273  0.672727  0.000000
 0.090909  0.890909  0.018182  0.000000
 0.272727  0.145455  0.236364  0.345455
 0.000000  0.236364  0.381818  0.381818
 0.163636  0.090909  0.127273  0.618182
 0.763636  0.090909  0.127273  0.018182
 0.018182  0.672727  0.218182  0.090909
 0.072727  0.581818  0.072727  0.272727
 0.036364  0.272727  0.509091  0.181818
 0.000000  0.109091  0.345455  0.545455
 0.109091  0.836364  0.000000  0.054545
 0.054545  0.145455  0.690909  0.109091
 0.072727  0.000000  0.872727  0.054545
