MEME version 5.5.3

ALPHABET= ACGT

strands: +

Background letter frequencies (from ../bac_arc_db_07112023_CRISPRDetect3_default_08042023_new_ref_200bp_no_repeat_triple_annotation_cleaned_above_200bp_IB_Aquificota_currated_uclust_75_bg.txt):
 A 0.321 C 0.179 G 0.179 T 0.321

MOTIF 1 MEME-1

letter-probability matrix: alength= 4 w= 7 nsites= 30 E= 1.2e-001
 0.800000  0.000000  0.200000  0.000000
 0.400000  0.000000  0.000000  0.600000
 0.000000  0.500000  0.500000  0.000000
 0.000000  0.466667  0.166667  0.366667
 0.000000  0.800000  0.000000  0.200000
 0.000000  0.000000  0.000000  1.000000
 0.000000  0.200000  0.066667  0.733333


MOTIF 2 MEME-3

letter-probability matrix: alength= 4 w= 9 nsites= 14 E= 8.4e-002
 0.000000  0.071429  0.928571  0.000000
 0.000000  0.571429  0.428571  0.000000
 0.214286  0.000000  0.714286  0.071429
 0.000000  0.000000  0.142857  0.857143
 0.857143  0.000000  0.071429  0.071429
 0.642857  0.000000  0.000000  0.357143
 1.000000  0.000000  0.000000  0.000000
 0.785714  0.000000  0.214286  0.000000
 0.500000  0.357143  0.071429  0.071429
