MEME version 5.5.3

ALPHABET= ACGT

strands: +

Background letter frequencies (from ../bac_arc_db_07112023_CRISPRDetect3_default_08042023_new_ref_200bp_no_repeat_triple_annotation_cleaned_above_200bp_IB_Bacteroidota_currated_uclust_75_bg.txt):
 A 0.318 C 0.182 G 0.182 T 0.318

MOTIF 1 MEME-3

letter-probability matrix: alength= 4 w= 7 nsites= 20 E= 5.4e-002
 0.000000  0.700000  0.300000  0.000000
 1.000000  0.000000  0.000000  0.000000
 0.000000  0.000000  0.200000  0.800000
 0.000000  1.000000  0.000000  0.000000
 0.000000  0.050000  0.950000  0.000000
 1.000000  0.000000  0.000000  0.000000
 0.000000  0.950000  0.050000  0.000000


MOTIF 2 MEME-1

letter-probability matrix: alength= 4 w= 16 nsites= 132 E= 8.9e-023
 0.204545  0.113636  0.606061  0.075758
 0.189394  0.106061  0.393939  0.310606
 0.037879  0.053030  0.030303  0.878788
 0.000000  0.780303  0.030303  0.189394
 0.037879  0.015152  0.621212  0.325758
 0.196970  0.000000  0.000000  0.803030
 0.000000  0.575758  0.000000  0.424242
 0.000000  0.000000  0.962121  0.037879
 0.901515  0.000000  0.053030  0.045455
 0.106061  0.446970  0.000000  0.446970
 0.310606  0.159091  0.257576  0.272727
 0.068182  0.151515  0.106061  0.674242
 0.272727  0.272727  0.143939  0.310606
 0.083333  0.424242  0.000000  0.492424
 0.181818  0.128788  0.265152  0.424242
 0.212121  0.075758  0.583333  0.128788


MOTIF 3 MEME-2

letter-probability matrix: alength= 4 w= 15 nsites= 31 E= 2.4e-002
 0.000000  0.161290  0.548387  0.290323
 0.516129  0.064516  0.225806  0.193548
 0.903226  0.064516  0.000000  0.032258
 0.935484  0.000000  0.032258  0.032258
 0.838710  0.064516  0.096774  0.000000
 0.000000  0.064516  0.000000  0.935484
 0.225806  0.516129  0.000000  0.258065
 0.419355  0.161290  0.064516  0.354839
 0.225806  0.000000  0.096774  0.677419
 0.645161  0.000000  0.354839  0.000000
 0.000000  0.290323  0.354839  0.354839
 0.032258  0.161290  0.161290  0.645161
 0.741935  0.000000  0.000000  0.258065
 0.000000  0.000000  0.000000  1.000000
 0.000000  0.129032  0.000000  0.870968


MOTIF 4 MEME-5

letter-probability matrix: alength= 4 w= 13 nsites= 46 E= 3.7e-003
 0.000000  0.000000  0.000000  1.000000
 0.413043  0.000000  0.086957  0.500000
 0.217391  0.000000  0.108696  0.673913
 0.000000  0.152174  0.173913  0.673913
 0.043478  0.195652  0.000000  0.760870
 0.413043  0.108696  0.478261  0.000000
 0.130435  0.043478  0.000000  0.826087
 0.500000  0.369565  0.130435  0.000000
 0.217391  0.195652  0.000000  0.586957
 0.130435  0.000000  0.500000  0.369565
 0.500000  0.000000  0.000000  0.500000
 0.000000  0.000000  0.000000  1.000000
 0.239130  0.000000  0.000000  0.760870
