MEME version 5.5.3

ALPHABET= ACGT

strands: +

Background letter frequencies (from ../bac_arc_db_07112023_CRISPRDetect3_default_08042023_new_ref_200bp_no_repeat_triple_annotation_cleaned_above_200bp_IB_Bacillota_currated_uclust_75_bg.txt):
 A 0.337 C 0.164 G 0.164 T 0.337

MOTIF 1 MEME-2

letter-probability matrix: alength= 4 w= 26 nsites= 213 E= 9.8e-024
 0.873239  0.014085  0.089202  0.023474
 0.868545  0.028169  0.046948  0.056338
 0.497653  0.103286  0.225352  0.173709
 0.061033  0.281690  0.211268  0.446009
 0.267606  0.352113  0.342723  0.037559
 0.014085  0.164319  0.000000  0.821596
 0.117371  0.032864  0.028169  0.821596
 0.136150  0.009390  0.779343  0.075117
 0.676056  0.009390  0.075117  0.239437
 0.244131  0.051643  0.098592  0.605634
 0.657277  0.018779  0.075117  0.248826
 0.140845  0.075117  0.042254  0.741784
 0.629108  0.018779  0.075117  0.276995
 0.347418  0.018779  0.122066  0.511737
 0.178404  0.586854  0.028169  0.206573
 0.694836  0.042254  0.103286  0.159624
 0.582160  0.046948  0.370892  0.000000
 0.032864  0.131455  0.563380  0.272300
 0.267606  0.136150  0.539906  0.056338
 0.211268  0.122066  0.220657  0.446009
 0.075117  0.046948  0.042254  0.835681
 0.136150  0.018779  0.028169  0.816901
 0.248826  0.032864  0.154930  0.563380
 0.220657  0.075117  0.154930  0.549296
 0.436620  0.042254  0.140845  0.380282
 0.187793  0.046948  0.507042  0.258216


MOTIF 2 MEME-2

letter-probability matrix: alength= 4 w= 10 nsites= 40 E= 4.1e-005
 0.800000  0.000000  0.100000  0.100000
 0.700000  0.100000  0.200000  0.000000
 0.450000  0.000000  0.550000  0.000000
 0.975000  0.000000  0.000000  0.025000
 0.975000  0.000000  0.000000  0.025000
 0.000000  0.050000  0.000000  0.950000
 0.000000  0.000000  1.000000  0.000000
 0.000000  0.125000  0.875000  0.000000
 0.000000  1.000000  0.000000  0.000000
 0.000000  0.000000  0.100000  0.900000


MOTIF 3 MEME-2

letter-probability matrix: alength= 4 w= 12 nsites= 53 E= 5.0e-002
 0.924528  0.075472  0.000000  0.000000
 0.000000  0.000000  0.000000  1.000000
 0.226415  0.056604  0.094340  0.622642
 0.000000  0.000000  0.000000  1.000000
 0.000000  0.207547  0.000000  0.792453
 0.000000  0.075472  0.000000  0.924528
 0.037736  0.056604  0.000000  0.905660
 0.264151  0.000000  0.037736  0.698113
 0.000000  0.000000  0.226415  0.773585
 0.981132  0.018868  0.000000  0.000000
 0.811321  0.000000  0.188679  0.000000
 0.924528  0.056604  0.018868  0.000000


MOTIF 4 MEME-2

letter-probability matrix: alength= 4 w= 18 nsites= 74 E= 9.9e-016
 1.000000  0.000000  0.000000  0.000000
 0.040541  0.608108  0.000000  0.351351
 0.054054  0.148649  0.000000  0.797297
 0.310811  0.040541  0.540541  0.108108
 0.364865  0.216216  0.297297  0.121622
 0.527027  0.243243  0.013514  0.216216
 0.175676  0.175676  0.621622  0.027027
 0.148649  0.256757  0.594595  0.000000
 0.013514  0.135135  0.000000  0.851351
 0.013514  0.081081  0.013514  0.891892
 0.000000  0.364865  0.013514  0.621622
 0.783784  0.000000  0.216216  0.000000
 0.108108  0.891892  0.000000  0.000000
 0.013514  0.040541  0.000000  0.945946
 0.000000  0.000000  1.000000  0.000000
 0.000000  1.000000  0.000000  0.000000
 1.000000  0.000000  0.000000  0.000000
 0.891892  0.013514  0.067568  0.027027


MOTIF 5 MEME-10

letter-probability matrix: alength= 4 w= 13 nsites= 24 E= 8.0e-002
 0.000000  0.958333  0.041667  0.000000
 0.000000  0.541667  0.000000  0.458333
 0.000000  0.041667  0.000000  0.958333
 0.791667  0.125000  0.083333  0.000000
 0.041667  0.791667  0.166667  0.000000
 0.708333  0.208333  0.083333  0.000000
 0.333333  0.000000  0.625000  0.041667
 0.000000  0.750000  0.250000  0.000000
 0.000000  0.875000  0.125000  0.000000
 1.000000  0.000000  0.000000  0.000000
 0.041667  0.125000  0.083333  0.750000
 0.083333  0.916667  0.000000  0.000000
 0.875000  0.000000  0.125000  0.000000


MOTIF 6 MEME-10

letter-probability matrix: alength= 4 w= 12 nsites= 259 E= 1.5e-041
 0.042471  0.000000  0.826255  0.131274
 0.200772  0.088803  0.308880  0.401544
 0.003861  0.413127  0.463320  0.119691
 0.378378  0.000000  0.610039  0.011583
 0.000000  0.003861  0.011583  0.984556
 0.000000  1.000000  0.000000  0.000000
 0.011583  0.000000  0.976834  0.011583
 0.984556  0.003861  0.011583  0.000000
 0.000000  0.803089  0.003861  0.193050
 0.177606  0.397683  0.424710  0.000000
 0.478764  0.119691  0.092664  0.308880
 0.154440  0.660232  0.092664  0.092664


MOTIF 7 MEME-13

letter-probability matrix: alength= 4 w= 13 nsites= 20 E= 7.1e-001
 0.000000  0.000000  0.000000  1.000000
 0.550000  0.200000  0.250000  0.000000
 0.000000  1.000000  0.000000  0.000000
 0.150000  0.050000  0.000000  0.800000
 0.000000  0.000000  0.200000  0.800000
 0.100000  0.000000  0.400000  0.500000
 0.000000  0.250000  0.750000  0.000000
 0.000000  0.050000  0.000000  0.950000
 0.600000  0.000000  0.050000  0.350000
 1.000000  0.000000  0.000000  0.000000
 0.700000  0.000000  0.000000  0.300000
 0.350000  0.000000  0.000000  0.650000
 0.050000  0.150000  0.000000  0.800000


MOTIF 8 MEME-13

letter-probability matrix: alength= 4 w= 17 nsites= 97 E= 1.4e-016
 0.000000  0.000000  0.000000  1.000000
 0.670103  0.278351  0.051546  0.000000
 0.288660  0.010309  0.701031  0.000000
 0.020619  0.319588  0.103093  0.556701
 0.000000  0.000000  1.000000  0.000000
 0.000000  0.474227  0.000000  0.525773
 0.927835  0.072165  0.000000  0.000000
 0.824742  0.041237  0.113402  0.020619
 0.948454  0.000000  0.020619  0.030928
 0.969072  0.000000  0.000000  0.030928
 0.979381  0.020619  0.000000  0.000000
 0.412371  0.247423  0.103093  0.237113
 0.082474  0.597938  0.092784  0.226804
 0.113402  0.690722  0.134021  0.061856
 0.010309  0.804124  0.010309  0.175258
 0.123711  0.175258  0.443299  0.257732
 0.000000  0.000000  1.000000  0.000000


MOTIF 9 MEME-15

letter-probability matrix: alength= 4 w= 26 nsites= 24 E= 3.1e-002
 0.041667  0.000000  0.208333  0.750000
 0.250000  0.041667  0.708333  0.000000
 0.125000  0.166667  0.541667  0.166667
 0.541667  0.000000  0.208333  0.250000
 0.666667  0.125000  0.000000  0.208333
 0.833333  0.000000  0.000000  0.166667
 0.500000  0.000000  0.375000  0.125000
 0.791667  0.041667  0.166667  0.000000
 0.375000  0.000000  0.375000  0.250000
 0.666667  0.000000  0.125000  0.208333
 0.208333  0.000000  0.166667  0.625000
 0.208333  0.000000  0.583333  0.208333
 0.625000  0.083333  0.250000  0.041667
 0.000000  0.083333  0.000000  0.916667
 0.875000  0.000000  0.125000  0.000000
 0.000000  0.000000  0.083333  0.916667
 1.000000  0.000000  0.000000  0.000000
 0.708333  0.083333  0.208333  0.000000
 0.000000  0.000000  0.000000  1.000000
 0.625000  0.000000  0.125000  0.250000
 0.166667  0.041667  0.250000  0.541667
 0.708333  0.000000  0.000000  0.291667
 0.375000  0.041667  0.541667  0.041667
 0.291667  0.000000  0.291667  0.416667
 0.250000  0.250000  0.166667  0.333333
 1.000000  0.000000  0.000000  0.000000


MOTIF 10 MEME-15

letter-probability matrix: alength= 4 w= 6 nsites= 44 E= 8.7e-001
 0.000000  0.000000  0.000000  1.000000
 0.000000  0.000000  1.000000  0.000000
 0.000000  0.000000  1.000000  0.000000
 0.000000  0.000000  0.000000  1.000000
 1.000000  0.000000  0.000000  0.000000
 1.000000  0.000000  0.000000  0.000000


MOTIF 11 MEME-15

letter-probability matrix: alength= 4 w= 30 nsites= 33 E= 6.7e-003
 0.000000  0.000000  0.000000  1.000000
 0.000000  0.000000  0.090909  0.909091
 0.000000  0.000000  0.969697  0.030303
 0.878788  0.090909  0.000000  0.030303
 0.151515  0.606061  0.000000  0.242424
 0.545455  0.090909  0.333333  0.030303
 0.030303  0.121212  0.787879  0.060606
 0.909091  0.000000  0.000000  0.090909
 0.818182  0.000000  0.090909  0.090909
 0.060606  0.000000  0.090909  0.848485
 0.090909  0.090909  0.000000  0.818182
 0.060606  0.090909  0.090909  0.757576
 0.121212  0.000000  0.060606  0.818182
 0.272727  0.393939  0.030303  0.303030
 0.484848  0.030303  0.333333  0.151515
 0.606061  0.000000  0.363636  0.030303
 1.000000  0.000000  0.000000  0.000000
 0.545455  0.121212  0.030303  0.303030
 0.212121  0.212121  0.060606  0.515152
 0.333333  0.060606  0.484848  0.121212
 0.212121  0.000000  0.333333  0.454545
 0.030303  0.272727  0.515152  0.181818
 0.121212  0.030303  0.454545  0.393939
 0.000000  0.000000  0.060606  0.939394
 0.969697  0.000000  0.000000  0.030303
 0.090909  0.030303  0.000000  0.878788
 0.515152  0.060606  0.060606  0.363636
 0.303030  0.606061  0.060606  0.030303
 0.000000  0.000000  0.000000  1.000000
 0.333333  0.030303  0.606061  0.030303


MOTIF 12 MEME-15

letter-probability matrix: alength= 4 w= 8 nsites= 86 E= 5.6e-001
 0.000000  0.000000  0.209302  0.790698
 0.000000  0.000000  0.290698  0.709302
 0.000000  0.313953  0.686047  0.000000
 1.000000  0.000000  0.000000  0.000000
 0.000000  0.000000  0.000000  1.000000
 0.000000  0.000000  0.000000  1.000000
 0.000000  0.000000  0.000000  1.000000
 0.000000  0.000000  0.000000  1.000000


MOTIF 13 MEME-15

letter-probability matrix: alength= 4 w= 12 nsites= 58 E= 5.9e-011
 0.000000  0.068966  0.000000  0.931034
 0.000000  0.017241  0.000000  0.982759
 0.000000  0.000000  0.965517  0.034483
 0.000000  1.000000  0.000000  0.000000
 0.982759  0.000000  0.017241  0.000000
 0.051724  0.000000  0.948276  0.000000
 0.000000  0.189655  0.000000  0.810345
 0.551724  0.000000  0.448276  0.000000
 0.982759  0.017241  0.000000  0.000000
 0.793103  0.034483  0.172414  0.000000
 0.000000  0.586207  0.206897  0.206897
 0.034483  0.672414  0.155172  0.137931


MOTIF 14 MEME-15

letter-probability matrix: alength= 4 w= 8 nsites= 29 E= 5.6e-002
 0.000000  0.000000  0.000000  1.000000
 0.000000  0.000000  0.000000  1.000000
 0.000000  0.000000  0.000000  1.000000
 1.000000  0.000000  0.000000  0.000000
 0.000000  1.000000  0.000000  0.000000
 0.000000  1.000000  0.000000  0.000000
 1.000000  0.000000  0.000000  0.000000
 0.344828  0.000000  0.655172  0.000000
