MEME version 5.5.3

ALPHABET= ACGT

strands: +

Background letter frequencies (from ../bac_arc_db_07112023_CRISPRDetect3_default_08042023_new_ref_200bp_no_repeat_triple_annotation_cleaned_above_200bp_IB_Cyanobacteriota_currated_uclust_75_bg.txt):
 A 0.303 C 0.197 G 0.197 T 0.303

MOTIF 1 MEME-1

letter-probability matrix: alength= 4 w= 10 nsites= 59 E= 1.5e-009
 0.118644  0.000000  0.864407  0.016949
 0.322034  0.033898  0.610169  0.033898
 0.135593  0.000000  0.000000  0.864407
 0.050847  0.186441  0.762712  0.000000
 0.000000  1.000000  0.000000  0.000000
 0.000000  0.000000  0.000000  1.000000
 0.000000  0.000000  0.000000  1.000000
 0.000000  0.000000  1.000000  0.000000
 0.152542  0.440678  0.000000  0.406780
 0.932203  0.067797  0.000000  0.000000


MOTIF 2 MEME-2

letter-probability matrix: alength= 4 w= 11 nsites= 53 E= 1.7e-002
 0.000000  0.000000  0.056604  0.943396
 0.245283  0.094340  0.000000  0.660377
 0.094340  0.301887  0.490566  0.113208
 0.660377  0.226415  0.075472  0.037736
 0.000000  0.000000  0.905660  0.094340
 0.000000  0.660377  0.283019  0.056604
 0.018868  0.188679  0.641509  0.150943
 0.792453  0.000000  0.132075  0.075472
 0.000000  0.075472  0.132075  0.792453
 0.075472  0.698113  0.037736  0.188679
 0.132075  0.000000  0.660377  0.207547
