MEME version 5.5.3

ALPHABET= ACGT

strands: +

Background letter frequencies (from ../bac_arc_db_07112023_CRISPRDetect3_default_08042023_new_ref_200bp_no_repeat_triple_annotation_cleaned_above_200bp_IB_Campylobacterota_currated_uclust_75_bg.txt):
 A 0.359 C 0.141 G 0.141 T 0.359

MOTIF 1 MEME-4

letter-probability matrix: alength= 4 w= 10 nsites= 13 E= 7.2e-001
 0.153846  0.000000  0.846154  0.000000
 0.615385  0.076923  0.307692  0.000000
 0.000000  0.000000  0.000000  1.000000
 0.076923  0.000000  0.000000  0.923077
 0.000000  0.000000  0.846154  0.153846
 0.000000  0.000000  1.000000  0.000000
 1.000000  0.000000  0.000000  0.000000
 0.923077  0.076923  0.000000  0.000000
 1.000000  0.000000  0.000000  0.000000
 1.000000  0.000000  0.000000  0.000000


MOTIF 2 MEME-1

letter-probability matrix: alength= 4 w= 16 nsites= 63 E= 2.1e-006
 0.174603  0.285714  0.000000  0.539683
 0.000000  0.111111  0.301587  0.587302
 0.222222  0.079365  0.015873  0.682540
 0.142857  0.126984  0.206349  0.523810
 0.650794  0.253968  0.095238  0.000000
 0.539683  0.269841  0.047619  0.142857
 0.746032  0.015873  0.238095  0.000000
 0.476190  0.047619  0.253968  0.222222
 0.015873  0.507937  0.158730  0.317460
 0.206349  0.269841  0.111111  0.412698
 0.000000  0.333333  0.285714  0.380952
 0.412698  0.126984  0.015873  0.444444
 0.253968  0.000000  0.000000  0.746032
 0.000000  0.000000  0.063492  0.936508
 0.000000  0.079365  0.396825  0.523810
 0.000000  0.000000  0.000000  1.000000
