MEME version 5.5.3

ALPHABET= ACGT

strands: +

Background letter frequencies (from ../bac_arc_db_07112023_CRISPRDetect3_default_08042023_new_ref_200bp_no_repeat_triple_annotation_cleaned_above_200bp_IB_Euryarchaeota_currated_uclust_75_bg.txt):
 A 0.263 C 0.237 G 0.237 T 0.263

MOTIF 1 MEME-10

letter-probability matrix: alength= 4 w= 14 nsites= 14 E= 8.2e-001
 1.000000  0.000000  0.000000  0.000000
 0.285714  0.000000  0.714286  0.000000
 1.000000  0.000000  0.000000  0.000000
 0.928571  0.071429  0.000000  0.000000
 1.000000  0.000000  0.000000  0.000000
 0.071429  0.214286  0.714286  0.000000
 0.000000  0.500000  0.214286  0.285714
 0.071429  0.642857  0.071429  0.214286
 0.071429  0.000000  0.000000  0.928571
 0.000000  0.000000  0.071429  0.928571
 0.857143  0.000000  0.000000  0.142857
 0.642857  0.000000  0.000000  0.357143
 0.928571  0.071429  0.000000  0.000000
 0.000000  0.000000  0.000000  1.000000


MOTIF 2 MEME-10

letter-probability matrix: alength= 4 w= 17 nsites= 114 E= 1.1e-026
 1.000000  0.000000  0.000000  0.000000
 0.000000  0.061404  0.008772  0.929825
 0.000000  0.140351  0.000000  0.859649
 0.087719  0.017544  0.894737  0.000000
 0.359649  0.201754  0.438596  0.000000
 0.236842  0.122807  0.570175  0.070175
 0.008772  0.000000  0.991228  0.000000
 0.000000  0.000000  1.000000  0.000000
 0.000000  0.000000  0.000000  1.000000
 0.000000  0.929825  0.026316  0.043860
 0.017544  0.017544  0.964912  0.000000
 1.000000  0.000000  0.000000  0.000000
 0.000000  0.824561  0.026316  0.149123
 0.043860  0.008772  0.938596  0.008772
 0.289474  0.000000  0.710526  0.000000
 0.964912  0.000000  0.008772  0.026316
 0.991228  0.000000  0.000000  0.008772


MOTIF 3 MEME-10

letter-probability matrix: alength= 4 w= 27 nsites= 62 E= 4.3e-001
 0.645161  0.096774  0.000000  0.258065
 0.290323  0.096774  0.032258  0.580645
 0.112903  0.241935  0.209677  0.435484
 0.177419  0.064516  0.048387  0.709677
 0.354839  0.080645  0.000000  0.564516
 0.225806  0.000000  0.225806  0.548387
 0.516129  0.000000  0.000000  0.483871
 0.177419  0.016129  0.000000  0.806452
 0.241935  0.000000  0.500000  0.258065
 0.532258  0.000000  0.032258  0.435484
 0.435484  0.096774  0.306452  0.161290
 0.564516  0.209677  0.000000  0.225806
 0.693548  0.048387  0.177419  0.080645
 0.645161  0.000000  0.032258  0.322581
 0.145161  0.032258  0.129032  0.693548
 0.274194  0.419355  0.112903  0.193548
 0.516129  0.080645  0.354839  0.048387
 0.467742  0.209677  0.322581  0.000000
 0.306452  0.145161  0.274194  0.274194
 0.564516  0.064516  0.322581  0.048387
 0.516129  0.048387  0.225806  0.209677
 0.290323  0.048387  0.500000  0.161290
 0.306452  0.000000  0.145161  0.548387
 0.629032  0.000000  0.000000  0.370968
 0.338710  0.112903  0.048387  0.500000
 0.677419  0.000000  0.112903  0.209677
 0.580645  0.000000  0.354839  0.064516


MOTIF 4 MEME-10

letter-probability matrix: alength= 4 w= 22 nsites= 30 E= 4.8e-004
 0.866667  0.066667  0.033333  0.033333
 0.066667  0.466667  0.066667  0.400000
 0.033333  0.966667  0.000000  0.000000
 0.033333  0.966667  0.000000  0.000000
 0.233333  0.133333  0.466667  0.166667
 0.700000  0.000000  0.266667  0.033333
 0.000000  0.866667  0.000000  0.133333
 0.133333  0.433333  0.166667  0.266667
 0.000000  0.000000  1.000000  0.000000
 0.866667  0.066667  0.000000  0.066667
 0.533333  0.300000  0.166667  0.000000
 0.033333  0.033333  0.866667  0.066667
 0.866667  0.000000  0.133333  0.000000
 0.066667  0.500000  0.166667  0.266667
 0.366667  0.400000  0.200000  0.033333
 0.533333  0.033333  0.433333  0.000000
 0.200000  0.300000  0.300000  0.200000
 0.100000  0.900000  0.000000  0.000000
 0.366667  0.000000  0.566667  0.066667
 0.233333  0.166667  0.500000  0.100000
 0.066667  0.000000  0.000000  0.933333
 0.000000  0.000000  0.033333  0.966667


MOTIF 5 MEME-8

letter-probability matrix: alength= 4 w= 27 nsites= 15 E= 1.0e-001
 0.000000  0.733333  0.066667  0.200000
 0.600000  0.133333  0.200000  0.066667
 0.000000  0.133333  0.000000  0.866667
 0.000000  0.800000  0.066667  0.133333
 0.000000  0.000000  0.133333  0.866667
 0.933333  0.066667  0.000000  0.000000
 0.000000  0.866667  0.066667  0.066667
 0.000000  0.333333  0.600000  0.066667
 0.800000  0.000000  0.200000  0.000000
 0.533333  0.133333  0.333333  0.000000
 0.266667  0.533333  0.133333  0.066667
 0.066667  0.000000  0.000000  0.933333
 0.066667  0.400000  0.533333  0.000000
 0.200000  0.066667  0.066667  0.666667
 0.066667  0.666667  0.200000  0.066667
 0.133333  0.533333  0.133333  0.200000
 0.066667  0.000000  0.000000  0.933333
 0.000000  0.933333  0.066667  0.000000
 0.266667  0.333333  0.333333  0.066667
 0.200000  0.000000  0.800000  0.000000
 1.000000  0.000000  0.000000  0.000000
 0.200000  0.333333  0.200000  0.266667
 0.733333  0.200000  0.000000  0.066667
 0.333333  0.600000  0.066667  0.000000
 0.400000  0.066667  0.466667  0.066667
 0.066667  0.733333  0.000000  0.200000
 0.200000  0.000000  0.000000  0.800000


MOTIF 6 MEME-2

letter-probability matrix: alength= 4 w= 24 nsites= 115 E= 1.3e-026
 0.043478  0.878261  0.000000  0.078261
 0.373913  0.060870  0.547826  0.017391
 0.000000  0.000000  0.000000  1.000000
 0.000000  0.991304  0.008696  0.000000
 0.069565  0.000000  0.886957  0.043478
 1.000000  0.000000  0.000000  0.000000
 0.000000  0.956522  0.000000  0.043478
 0.000000  0.973913  0.017391  0.008696
 0.000000  0.956522  0.034783  0.008696
 0.034783  0.921739  0.026087  0.017391
 0.026087  0.834783  0.043478  0.095652
 0.043478  0.495652  0.373913  0.086957
 0.060870  0.017391  0.860870  0.060870
 0.017391  0.008696  0.939130  0.034783
 0.026087  0.026087  0.878261  0.069565
 0.060870  0.052174  0.826087  0.060870
 0.043478  0.017391  0.565217  0.373913
 0.173913  0.060870  0.069565  0.695652
 0.165217  0.234783  0.130435  0.469565
 0.243478  0.191304  0.339130  0.226087
 0.269565  0.156522  0.547826  0.026087
 0.208696  0.260870  0.513043  0.017391
 0.095652  0.217391  0.686957  0.000000
 0.182609  0.086957  0.669565  0.060870


MOTIF 7 MEME-2

letter-probability matrix: alength= 4 w= 15 nsites= 85 E= 4.7e-014
 0.023529  0.647059  0.294118  0.035294
 0.023529  0.400000  0.482353  0.094118
 0.070588  0.294118  0.341176  0.294118
 0.447059  0.035294  0.494118  0.023529
 0.705882  0.000000  0.070588  0.223529
 0.717647  0.000000  0.000000  0.282353
 0.047059  0.070588  0.000000  0.882353
 0.000000  0.658824  0.082353  0.258824
 0.035294  0.211765  0.752941  0.000000
 0.000000  0.000000  0.976471  0.023529
 0.011765  0.294118  0.682353  0.011765
 0.000000  0.941176  0.058824  0.000000
 1.000000  0.000000  0.000000  0.000000
 0.000000  0.058824  0.000000  0.941176
 0.000000  0.000000  1.000000  0.000000


MOTIF 8 MEME-5

letter-probability matrix: alength= 4 w= 23 nsites= 31 E= 1.5e-001
 0.096774  0.290323  0.580645  0.032258
 1.000000  0.000000  0.000000  0.000000
 0.451613  0.129032  0.354839  0.064516
 0.193548  0.290323  0.258065  0.258065
 0.290323  0.064516  0.612903  0.032258
 0.129032  0.064516  0.645161  0.161290
 0.064516  0.677419  0.000000  0.258065
 0.000000  0.612903  0.225806  0.161290
 0.258065  0.161290  0.354839  0.225806
 0.483871  0.032258  0.322581  0.161290
 0.000000  0.000000  0.612903  0.387097
 0.903226  0.064516  0.000000  0.032258
 0.451613  0.000000  0.354839  0.193548
 0.516129  0.032258  0.451613  0.000000
 0.225806  0.161290  0.387097  0.225806
 0.000000  0.451613  0.290323  0.258065
 0.161290  0.000000  0.580645  0.258065
 0.064516  0.387097  0.451613  0.096774
 0.064516  0.225806  0.129032  0.580645
 0.096774  0.064516  0.032258  0.806452
 0.032258  0.451613  0.322581  0.193548
 0.612903  0.000000  0.000000  0.387097
 0.129032  0.548387  0.322581  0.000000


MOTIF 9 MEME-5

letter-probability matrix: alength= 4 w= 8 nsites= 40 E= 2.3e-001
 0.000000  0.000000  0.000000  1.000000
 0.000000  0.000000  0.000000  1.000000
 0.000000  0.000000  0.000000  1.000000
 1.000000  0.000000  0.000000  0.000000
 0.300000  0.000000  0.000000  0.700000
 1.000000  0.000000  0.000000  0.000000
 0.475000  0.000000  0.000000  0.525000
 1.000000  0.000000  0.000000  0.000000
