MEME version 5.5.3

ALPHABET= ACGT

strands: +

Background letter frequencies (from ../bac_arc_db_07112023_CRISPRDetect3_default_08042023_new_ref_200bp_no_repeat_triple_annotation_cleaned_above_200bp_IB_Myxococcota_currated_uclust_75_bg.txt):
 A 0.195 C 0.305 G 0.305 T 0.195

MOTIF 1 MEME-8

letter-probability matrix: alength= 4 w= 6 nsites= 2 E= 9.7e-001
 0.000000  0.000000  1.000000  0.000000
 1.000000  0.000000  0.000000  0.000000
 0.000000  0.000000  1.000000  0.000000
 0.000000  0.000000  1.000000  0.000000
 0.000000  0.000000  1.000000  0.000000
 0.000000  0.000000  1.000000  0.000000


MOTIF 2 MEME-1

letter-probability matrix: alength= 4 w= 26 nsites= 13 E= 6.7e-001
 0.076923  0.538462  0.076923  0.307692
 0.153846  0.000000  0.769231  0.076923
 0.384615  0.000000  0.615385  0.000000
 0.615385  0.000000  0.384615  0.000000
 0.384615  0.076923  0.230769  0.307692
 0.230769  0.076923  0.230769  0.461538
 0.000000  0.000000  0.384615  0.615385
 0.000000  0.615385  0.307692  0.076923
 0.076923  0.538462  0.000000  0.384615
 0.000000  0.000000  0.461538  0.538462
 0.230769  0.000000  0.230769  0.538462
 0.000000  0.000000  0.846154  0.153846
 0.230769  0.230769  0.230769  0.307692
 0.384615  0.076923  0.538462  0.000000
 0.692308  0.076923  0.230769  0.000000
 0.307692  0.076923  0.230769  0.384615
 0.000000  0.000000  0.307692  0.692308
 0.153846  0.000000  0.153846  0.692308
 0.153846  0.615385  0.230769  0.000000
 0.769231  0.000000  0.153846  0.076923
 0.076923  0.000000  0.538462  0.384615
 0.153846  0.153846  0.615385  0.076923
 0.153846  0.230769  0.538462  0.076923
 0.153846  0.153846  0.692308  0.000000
 0.000000  0.000000  0.923077  0.076923
 0.000000  0.000000  0.384615  0.615385
