MEME version 5.5.3

ALPHABET= ACGT

strands: +

Background letter frequencies (from ../bac_arc_db_07112023_CRISPRDetect3_default_08042023_new_ref_200bp_no_repeat_triple_annotation_cleaned_above_200bp_IB_Spirochaetota_currated_uclust_75_bg.txt):
 A 0.330 C 0.170 G 0.170 T 0.330

MOTIF 1 MEME-1

letter-probability matrix: alength= 4 w= 32 nsites= 14 E= 1.4e-001
 0.571429  0.428571  0.000000  0.000000
 0.285714  0.214286  0.500000  0.000000
 0.285714  0.142857  0.428571  0.142857
 0.357143  0.285714  0.000000  0.357143
 0.357143  0.000000  0.214286  0.428571
 0.000000  0.571429  0.000000  0.428571
 0.071429  0.357143  0.071429  0.500000
 0.285714  0.071429  0.214286  0.428571
 0.214286  0.214286  0.000000  0.571429
 0.071429  0.428571  0.428571  0.071429
 0.214286  0.214286  0.000000  0.571429
 0.000000  0.000000  0.000000  1.000000
 0.142857  0.357143  0.000000  0.500000
 0.500000  0.071429  0.000000  0.428571
 0.571429  0.000000  0.000000  0.428571
 0.357143  0.142857  0.142857  0.357143
 0.000000  0.428571  0.357143  0.214286
 0.642857  0.142857  0.214286  0.000000
 0.714286  0.285714  0.000000  0.000000
 0.642857  0.142857  0.071429  0.142857
 0.357143  0.000000  0.428571  0.214286
 0.142857  0.214286  0.214286  0.428571
 0.000000  0.500000  0.214286  0.285714
 0.214286  0.071429  0.714286  0.000000
 0.000000  0.285714  0.714286  0.000000
 0.285714  0.142857  0.500000  0.071429
 0.571429  0.000000  0.428571  0.000000
 0.571429  0.071429  0.000000  0.357143
 0.000000  0.357143  0.214286  0.428571
 0.142857  0.357143  0.142857  0.357143
 0.142857  0.571429  0.142857  0.142857
 0.285714  0.571429  0.071429  0.071429
