MEME version 5.5.3

ALPHABET= ACGT

strands: +

Background letter frequencies (from ../bac_arc_db_07112023_CRISPRDetect3_default_08042023_new_ref_200bp_no_repeat_triple_annotation_cleaned_above_200bp_IB_Thermoproteota_currated_uclust_75_bg.txt):
 A 0.324 C 0.176 G 0.176 T 0.324

MOTIF 1 MEME-1

letter-probability matrix: alength= 4 w= 16 nsites= 26 E= 9.1e-002
 0.423077  0.307692  0.269231  0.000000
 0.192308  0.269231  0.230769  0.307692
 0.500000  0.423077  0.000000  0.076923
 0.000000  0.153846  0.692308  0.153846
 0.076923  0.192308  0.730769  0.000000
 0.000000  0.346154  0.153846  0.500000
 0.423077  0.076923  0.500000  0.000000
 0.423077  0.153846  0.346154  0.076923
 0.038462  0.000000  0.269231  0.692308
 0.307692  0.115385  0.423077  0.153846
 0.538462  0.230769  0.038462  0.192308
 0.269231  0.307692  0.076923  0.346154
 0.846154  0.000000  0.153846  0.000000
 0.115385  0.192308  0.538462  0.153846
 0.076923  0.269231  0.653846  0.000000
 0.000000  0.038462  0.576923  0.384615


MOTIF 2 MEME-2

letter-probability matrix: alength= 4 w= 28 nsites= 16 E= 7.3e-001
 0.000000  0.375000  0.000000  0.625000
 0.250000  0.125000  0.062500  0.562500
 0.187500  0.062500  0.187500  0.562500
 0.562500  0.125000  0.000000  0.312500
 0.000000  0.500000  0.250000  0.250000
 0.500000  0.062500  0.125000  0.312500
 0.562500  0.000000  0.000000  0.437500
 0.687500  0.062500  0.250000  0.000000
 0.875000  0.062500  0.000000  0.062500
 0.687500  0.062500  0.187500  0.062500
 0.187500  0.125000  0.500000  0.187500
 0.687500  0.062500  0.000000  0.250000
 0.062500  0.687500  0.062500  0.187500
 0.062500  0.750000  0.125000  0.062500
 0.562500  0.125000  0.062500  0.250000
 0.125000  0.000000  0.000000  0.875000
 0.062500  0.062500  0.812500  0.062500
 0.000000  0.937500  0.062500  0.000000
 0.000000  0.062500  0.937500  0.000000
 0.812500  0.125000  0.062500  0.000000
 0.125000  0.687500  0.062500  0.125000
 0.000000  0.812500  0.062500  0.125000
 0.500000  0.062500  0.250000  0.187500
 0.375000  0.000000  0.125000  0.500000
 0.687500  0.187500  0.062500  0.062500
 0.750000  0.125000  0.000000  0.125000
 0.625000  0.125000  0.125000  0.125000
 0.812500  0.000000  0.062500  0.125000
