MEME version 5.5.3

ALPHABET= ACGT

strands: +

Background letter frequencies (from ../bac_arc_db_07112023_CRISPRDetect3_default_08042023_new_ref_200bp_no_repeat_triple_annotation_cleaned_above_200bp_IB_Thermotogota_currated_uclust_75_bg.txt):
 A 0.346 C 0.154 G 0.154 T 0.346

MOTIF 1 MEME-1

letter-probability matrix: alength= 4 w= 36 nsites= 17 E= 5.6e-002
 0.058824  0.000000  0.882353  0.058824
 0.058824  0.000000  0.000000  0.941176
 0.000000  0.764706  0.117647  0.117647
 0.176471  0.000000  0.823529  0.000000
 0.941176  0.000000  0.000000  0.058824
 0.117647  0.411765  0.000000  0.470588
 0.235294  0.411765  0.352941  0.000000
 0.000000  0.117647  0.000000  0.882353
 0.235294  0.294118  0.235294  0.235294
 0.117647  0.411765  0.058824  0.411765
 0.588235  0.117647  0.235294  0.058824
 0.588235  0.117647  0.294118  0.000000
 0.117647  0.000000  0.058824  0.823529
 0.647059  0.000000  0.176471  0.176471
 0.470588  0.117647  0.294118  0.117647
 0.294118  0.000000  0.352941  0.352941
 0.176471  0.352941  0.294118  0.176471
 0.470588  0.058824  0.235294  0.235294
 0.705882  0.000000  0.294118  0.000000
 0.882353  0.058824  0.000000  0.058824
 0.764706  0.000000  0.117647  0.117647
 0.705882  0.117647  0.058824  0.117647
 0.941176  0.000000  0.000000  0.058824
 0.352941  0.352941  0.117647  0.176471
 0.235294  0.529412  0.000000  0.235294
 0.352941  0.529412  0.058824  0.058824
 0.000000  0.588235  0.058824  0.352941
 0.470588  0.117647  0.176471  0.235294
 0.000000  0.000000  0.705882  0.294118
 0.176471  0.058824  0.764706  0.000000
 0.411765  0.058824  0.294118  0.235294
 0.176471  0.000000  0.705882  0.117647
 0.705882  0.000000  0.058824  0.235294
 0.000000  0.058824  0.000000  0.941176
 0.235294  0.588235  0.000000  0.176471
 0.000000  0.117647  0.882353  0.000000
