MEME version 5.5.3

ALPHABET= ACGT

strands: +

Background letter frequencies (from ../bac_arc_db_07112023_CRISPRDetect3_default_08042023_new_ref_200bp_no_repeat_triple_annotation_cleaned_above_200bp_IC_Actinomycetota_currated_uclust_75_bg.txt):
 A 0.213 C 0.287 G 0.287 T 0.213

MOTIF 1 MEME-4

letter-probability matrix: alength= 4 w= 9 nsites= 26 E= 6.4e-004
 1.000000  0.000000  0.000000  0.000000
 1.000000  0.000000  0.000000  0.000000
 0.000000  0.000000  1.000000  0.000000
 0.000000  0.461538  0.000000  0.538462
 0.538462  0.000000  0.461538  0.000000
 0.000000  0.884615  0.115385  0.000000
 0.923077  0.000000  0.000000  0.076923
 0.000000  0.961538  0.000000  0.038462
 0.961538  0.000000  0.038462  0.000000


MOTIF 2 MEME-9

letter-probability matrix: alength= 4 w= 8 nsites= 26 E= 8.8e-001
 1.000000  0.000000  0.000000  0.000000
 0.000000  0.000000  0.000000  1.000000
 0.000000  0.384615  0.000000  0.615385
 0.307692  0.269231  0.000000  0.423077
 0.653846  0.000000  0.076923  0.269231
 0.115385  0.038462  0.730769  0.115385
 0.000000  0.000000  1.000000  0.000000
 1.000000  0.000000  0.000000  0.000000


MOTIF 3 MEME-3

letter-probability matrix: alength= 4 w= 40 nsites= 46 E= 1.9e-004
 0.021739  0.695652  0.173913  0.108696
 0.391304  0.086957  0.521739  0.000000
 0.347826  0.456522  0.086957  0.108696
 0.195652  0.521739  0.195652  0.086957
 0.326087  0.000000  0.565217  0.108696
 0.000000  0.826087  0.173913  0.000000
 0.021739  0.434783  0.500000  0.043478
 0.130435  0.586957  0.195652  0.086957
 0.456522  0.108696  0.239130  0.195652
 0.130435  0.260870  0.543478  0.065217
 0.478261  0.195652  0.326087  0.000000
 0.326087  0.239130  0.130435  0.304348
 0.173913  0.565217  0.152174  0.108696
 0.195652  0.369565  0.326087  0.108696
 0.260870  0.456522  0.108696  0.173913
 0.434783  0.260870  0.282609  0.021739
 0.065217  0.760870  0.152174  0.021739
 0.021739  0.760870  0.130435  0.086957
 0.152174  0.326087  0.413043  0.108696
 0.347826  0.500000  0.152174  0.000000
 0.760870  0.086957  0.000000  0.152174
 0.043478  0.565217  0.239130  0.152174
 0.152174  0.543478  0.239130  0.065217
 0.326087  0.152174  0.500000  0.021739
 0.260870  0.434783  0.217391  0.086957
 0.304348  0.195652  0.500000  0.000000
 0.695652  0.304348  0.000000  0.000000
 0.391304  0.195652  0.173913  0.239130
 0.000000  0.173913  0.739130  0.086957
 0.304348  0.586957  0.065217  0.043478
 0.108696  0.782609  0.043478  0.065217
 0.021739  0.543478  0.130435  0.304348
 0.108696  0.021739  0.239130  0.630435
 0.195652  0.369565  0.326087  0.108696
 0.304348  0.130435  0.347826  0.217391
 0.195652  0.173913  0.065217  0.565217
 0.043478  0.586957  0.173913  0.195652
 0.173913  0.478261  0.195652  0.152174
 0.173913  0.021739  0.021739  0.782609
 0.000000  0.434783  0.565217  0.000000


MOTIF 4 MEME-2

letter-probability matrix: alength= 4 w= 12 nsites= 48 E= 7.9e-006
 0.041667  0.916667  0.041667  0.000000
 0.458333  0.000000  0.000000  0.541667
 0.000000  0.000000  1.000000  0.000000
 0.104167  0.229167  0.583333  0.083333
 0.000000  0.125000  0.000000  0.875000
 0.000000  0.979167  0.020833  0.000000
 1.000000  0.000000  0.000000  0.000000
 0.291667  0.041667  0.437500  0.229167
 0.000000  0.479167  0.520833  0.000000
 0.312500  0.583333  0.104167  0.000000
 0.895833  0.000000  0.041667  0.062500
 0.000000  0.000000  1.000000  0.000000


MOTIF 5 MEME-1

letter-probability matrix: alength= 4 w= 10 nsites= 93 E= 2.5e-015
 0.118280  0.010753  0.849462  0.021505
 0.000000  0.258065  0.731183  0.010753
 0.172043  0.000000  0.000000  0.827957
 0.000000  0.000000  0.000000  1.000000
 0.000000  0.946237  0.053763  0.000000
 0.000000  0.236559  0.752688  0.010753
 0.000000  0.311828  0.666667  0.021505
 0.989247  0.000000  0.010753  0.000000
 0.827957  0.172043  0.000000  0.000000
 0.000000  0.903226  0.096774  0.000000


MOTIF 6 MEME-6

letter-probability matrix: alength= 4 w= 19 nsites= 22 E= 8.4e-001
 0.590909  0.000000  0.363636  0.045455
 0.090909  0.090909  0.363636  0.454545
 0.272727  0.636364  0.000000  0.090909
 0.090909  0.181818  0.500000  0.227273
 0.045455  0.227273  0.090909  0.636364
 0.000000  0.772727  0.227273  0.000000
 0.863636  0.000000  0.090909  0.045455
 0.000000  0.863636  0.000000  0.136364
 0.000000  0.181818  0.818182  0.000000
 0.363636  0.000000  0.454545  0.181818
 0.272727  0.045455  0.500000  0.181818
 0.181818  0.681818  0.000000  0.136364
 0.636364  0.000000  0.363636  0.000000
 0.045455  0.409091  0.000000  0.545455
 0.136364  0.500000  0.272727  0.090909
 0.000000  0.000000  1.000000  0.000000
 0.045455  0.636364  0.000000  0.318182
 0.000000  0.500000  0.454545  0.045455
 0.818182  0.000000  0.181818  0.000000


MOTIF 7 MEME-5

letter-probability matrix: alength= 4 w= 25 nsites= 31 E= 1.8e-001
 0.258065  0.032258  0.193548  0.516129
 0.258065  0.483871  0.096774  0.161290
 0.193548  0.161290  0.419355  0.225806
 0.548387  0.032258  0.419355  0.000000
 0.161290  0.193548  0.225806  0.419355
 0.322581  0.032258  0.483871  0.161290
 0.129032  0.161290  0.000000  0.709677
 0.322581  0.000000  0.129032  0.548387
 0.032258  0.290323  0.451613  0.225806
 0.290323  0.000000  0.225806  0.483871
 0.290323  0.000000  0.258065  0.451613
 0.000000  0.000000  0.645161  0.354839
 0.774194  0.096774  0.129032  0.000000
 0.322581  0.161290  0.000000  0.516129
 0.064516  0.419355  0.064516  0.451613
 0.225806  0.000000  0.000000  0.774194
 0.129032  0.161290  0.000000  0.709677
 0.193548  0.161290  0.032258  0.612903
 0.483871  0.064516  0.225806  0.225806
 0.161290  0.000000  0.548387  0.290323
 0.064516  0.516129  0.064516  0.354839
 0.129032  0.032258  0.548387  0.290323
 0.225806  0.322581  0.290323  0.161290
 0.129032  0.354839  0.129032  0.387097
 0.451613  0.548387  0.000000  0.000000
