MEME version 5.5.3

ALPHABET= ACGT

strands: +

Background letter frequencies (from ../bac_arc_db_07112023_CRISPRDetect3_default_08042023_new_ref_200bp_no_repeat_triple_annotation_cleaned_above_200bp_IC_Bacillota_currated_uclust_75_bg.txt):
 A 0.309 C 0.191 G 0.191 T 0.309

MOTIF 1 MEME-13

letter-probability matrix: alength= 4 w= 13 nsites= 41 E= 1.2e-001
 0.731707  0.073171  0.195122  0.000000
 0.682927  0.000000  0.121951  0.195122
 0.804878  0.000000  0.195122  0.000000
 0.536585  0.121951  0.195122  0.146341
 0.585366  0.000000  0.000000  0.414634
 0.902439  0.024390  0.000000  0.073171
 0.073171  0.097561  0.000000  0.829268
 0.390244  0.000000  0.609756  0.000000
 0.390244  0.268293  0.268293  0.073171
 0.000000  0.000000  0.000000  1.000000
 1.000000  0.000000  0.000000  0.000000
 0.048780  0.121951  0.439024  0.390244
 0.780488  0.000000  0.024390  0.195122


MOTIF 2 MEME-9

letter-probability matrix: alength= 4 w= 19 nsites= 16 E= 8.9e-001
 1.000000  0.000000  0.000000  0.000000
 0.750000  0.062500  0.000000  0.187500
 0.937500  0.000000  0.000000  0.062500
 0.625000  0.000000  0.375000  0.000000
 0.000000  0.000000  0.000000  1.000000
 0.750000  0.000000  0.250000  0.000000
 0.250000  0.000000  0.500000  0.250000
 0.375000  0.250000  0.000000  0.375000
 0.375000  0.250000  0.250000  0.125000
 0.375000  0.312500  0.187500  0.125000
 0.875000  0.000000  0.062500  0.062500
 0.750000  0.187500  0.062500  0.000000
 1.000000  0.000000  0.000000  0.000000
 0.750000  0.000000  0.062500  0.187500
 0.250000  0.500000  0.125000  0.125000
 0.312500  0.500000  0.000000  0.187500
 0.187500  0.062500  0.562500  0.187500
 0.000000  0.250000  0.187500  0.562500
 0.062500  0.000000  0.937500  0.000000


MOTIF 3 MEME-9

letter-probability matrix: alength= 4 w= 27 nsites= 18 E= 8.8e-001
 1.000000  0.000000  0.000000  0.000000
 0.944444  0.000000  0.055556  0.000000
 0.166667  0.000000  0.722222  0.111111
 0.222222  0.000000  0.000000  0.777778
 0.055556  0.833333  0.000000  0.111111
 1.000000  0.000000  0.000000  0.000000
 0.944444  0.000000  0.055556  0.000000
 0.055556  0.055556  0.333333  0.555556
 0.277778  0.000000  0.388889  0.333333
 0.111111  0.166667  0.500000  0.222222
 0.333333  0.055556  0.000000  0.611111
 0.055556  0.000000  0.333333  0.611111
 0.000000  0.000000  0.944444  0.055556
 0.888889  0.000000  0.000000  0.111111
 0.055556  0.055556  0.000000  0.888889
 0.111111  0.333333  0.111111  0.444444
 0.277778  0.333333  0.166667  0.222222
 0.722222  0.055556  0.055556  0.166667
 0.277778  0.055556  0.166667  0.500000
 0.611111  0.222222  0.111111  0.055556
 0.000000  0.500000  0.000000  0.500000
 0.166667  0.222222  0.055556  0.555556
 0.000000  0.166667  0.055556  0.777778
 0.222222  0.055556  0.000000  0.722222
 0.000000  0.000000  0.055556  0.944444
 0.000000  0.000000  0.111111  0.888889
 0.055556  0.055556  0.166667  0.722222


MOTIF 4 MEME-9

letter-probability matrix: alength= 4 w= 6 nsites= 52 E= 9.1e-003
 1.000000  0.000000  0.000000  0.000000
 1.000000  0.000000  0.000000  0.000000
 0.000000  0.000000  0.000000  1.000000
 0.000000  1.000000  0.000000  0.000000
 0.000000  0.000000  1.000000  0.000000
 0.000000  1.000000  0.000000  0.000000


MOTIF 5 MEME-9

letter-probability matrix: alength= 4 w= 15 nsites= 27 E= 1.5e-002
 0.000000  0.962963  0.037037  0.000000
 0.000000  1.000000  0.000000  0.000000
 0.000000  0.000000  0.111111  0.888889
 0.000000  0.074074  0.000000  0.925926
 0.185185  0.000000  0.814815  0.000000
 0.037037  0.703704  0.000000  0.259259
 0.037037  0.259259  0.555556  0.148148
 0.185185  0.296296  0.370370  0.148148
 0.222222  0.148148  0.481481  0.148148
 0.518519  0.000000  0.481481  0.000000
 0.000000  0.592593  0.000000  0.407407
 1.000000  0.000000  0.000000  0.000000
 0.962963  0.000000  0.037037  0.000000
 0.000000  0.037037  0.962963  0.000000
 0.074074  0.074074  0.851852  0.000000


MOTIF 6 MEME-9

letter-probability matrix: alength= 4 w= 21 nsites= 81 E= 5.1e-012
 0.098765  0.012346  0.876543  0.012346
 0.975309  0.024691  0.000000  0.000000
 0.530864  0.061728  0.259259  0.148148
 0.037037  0.012346  0.901235  0.049383
 0.444444  0.074074  0.469136  0.012346
 0.308642  0.172840  0.172840  0.345679
 0.234568  0.592593  0.148148  0.024691
 0.012346  0.777778  0.037037  0.172840
 0.345679  0.172840  0.197531  0.283951
 0.049383  0.296296  0.012346  0.641975
 0.000000  0.000000  0.000000  1.000000
 0.345679  0.037037  0.530864  0.086420
 0.913580  0.012346  0.024691  0.049383
 0.000000  0.000000  0.000000  1.000000
 0.135802  0.061728  0.061728  0.740741
 0.111111  0.160494  0.074074  0.654321
 0.012346  0.000000  0.012346  0.975309
 0.172840  0.209877  0.222222  0.395062
 0.000000  0.000000  0.000000  1.000000
 0.864198  0.000000  0.135802  0.000000
 0.320988  0.000000  0.654321  0.024691


MOTIF 7 MEME-9

letter-probability matrix: alength= 4 w= 10 nsites= 25 E= 6.1e-003
 0.000000  0.280000  0.720000  0.000000
 1.000000  0.000000  0.000000  0.000000
 0.000000  0.600000  0.040000  0.360000
 0.000000  0.880000  0.000000  0.120000
 0.000000  0.960000  0.000000  0.040000
 0.000000  0.080000  0.920000  0.000000
 0.000000  1.000000  0.000000  0.000000
 0.560000  0.000000  0.320000  0.120000
 0.040000  0.960000  0.000000  0.000000
 0.000000  0.960000  0.000000  0.040000


MOTIF 8 MEME-5

letter-probability matrix: alength= 4 w= 7 nsites= 58 E= 7.2e-009
 0.000000  0.000000  1.000000  0.000000
 0.000000  0.000000  0.913793  0.086207
 0.000000  0.000000  0.000000  1.000000
 0.000000  0.000000  0.000000  1.000000
 0.000000  1.000000  0.000000  0.000000
 0.000000  0.000000  1.000000  0.000000
 0.000000  1.000000  0.000000  0.000000


MOTIF 9 MEME-5

letter-probability matrix: alength= 4 w= 19 nsites= 283 E= 2.0e-062
 0.003534  0.003534  0.939929  0.053004
 0.000000  0.604240  0.000000  0.395760
 0.148410  0.003534  0.501767  0.346290
 0.310954  0.646643  0.000000  0.042403
 0.805654  0.144876  0.017668  0.031802
 0.000000  0.996466  0.000000  0.003534
 1.000000  0.000000  0.000000  0.000000
 0.000000  0.028269  0.070671  0.901060
 0.434629  0.035336  0.494700  0.035336
 0.872792  0.024735  0.070671  0.031802
 0.826855  0.000000  0.000000  0.173145
 0.674912  0.003534  0.000000  0.321555
 0.272085  0.049470  0.007067  0.671378
 0.067138  0.544170  0.038869  0.349823
 0.109541  0.710247  0.074205  0.106007
 0.021201  0.840989  0.017668  0.120141
 0.187279  0.349823  0.091873  0.371025
 0.208481  0.024735  0.745583  0.021201
 0.095406  0.021201  0.855124  0.028269


MOTIF 10 MEME-5

letter-probability matrix: alength= 4 w= 7 nsites= 49 E= 2.9e-003
 0.469388  0.000000  0.530612  0.000000
 0.000000  0.000000  1.000000  0.000000
 0.000000  0.000000  0.000000  1.000000
 0.000000  0.000000  1.000000  0.000000
 0.000000  1.000000  0.000000  0.000000
 0.000000  0.000000  0.836735  0.163265
 1.000000  0.000000  0.000000  0.000000


MOTIF 11 MEME-6

letter-probability matrix: alength= 4 w= 16 nsites= 47 E= 8.5e-008
 0.000000  0.000000  0.021277  0.978723
 0.042553  0.936170  0.000000  0.021277
 0.446809  0.000000  0.553191  0.000000
 0.531915  0.021277  0.425532  0.021277
 0.957447  0.000000  0.000000  0.042553
 0.680851  0.000000  0.000000  0.319149
 0.170213  0.063830  0.021277  0.744681
 0.042553  0.021277  0.000000  0.936170
 0.000000  0.000000  0.000000  1.000000
 0.000000  0.021277  0.978723  0.000000
 0.000000  0.021277  0.000000  0.978723
 0.021277  0.936170  0.021277  0.021277
 0.000000  0.000000  1.000000  0.000000
 0.978723  0.000000  0.000000  0.021277
 0.936170  0.000000  0.000000  0.063830
 0.808511  0.021277  0.000000  0.170213


MOTIF 12 MEME-6

letter-probability matrix: alength= 4 w= 8 nsites= 488 E= 1.1e-089
 0.000000  0.016393  0.000000  0.983607
 0.000000  0.002049  0.465164  0.532787
 0.000000  1.000000  0.000000  0.000000
 0.000000  0.000000  1.000000  0.000000
 0.461066  0.538934  0.000000  0.000000
 1.000000  0.000000  0.000000  0.000000
 0.000000  0.725410  0.000000  0.274590
 0.004098  0.645492  0.254098  0.096311


MOTIF 13 MEME-6

letter-probability matrix: alength= 4 w= 8 nsites= 32 E= 1.0e-001
 0.000000  0.000000  0.000000  1.000000
 0.093750  0.000000  0.000000  0.906250
 0.000000  0.156250  0.000000  0.843750
 0.000000  0.000000  0.312500  0.687500
 0.000000  1.000000  0.000000  0.000000
 0.000000  0.000000  1.000000  0.000000
 0.000000  1.000000  0.000000  0.000000
 0.000000  0.000000  0.187500  0.812500


MOTIF 14 MEME-6

letter-probability matrix: alength= 4 w= 14 nsites= 60 E= 3.3e-001
 0.150000  0.000000  0.050000  0.800000
 0.116667  0.000000  0.000000  0.883333
 0.000000  0.000000  0.066667  0.933333
 0.083333  0.000000  0.000000  0.916667
 0.216667  0.066667  0.550000  0.166667
 0.050000  0.016667  0.333333  0.600000
 0.000000  0.216667  0.566667  0.216667
 0.183333  0.250000  0.116667  0.450000
 0.183333  0.283333  0.383333  0.150000
 0.200000  0.500000  0.183333  0.116667
 0.000000  0.000000  0.000000  1.000000
 0.000000  0.000000  0.000000  1.000000
 0.016667  0.000000  0.000000  0.983333
 0.100000  0.033333  0.000000  0.866667


MOTIF 15 MEME-6

letter-probability matrix: alength= 4 w= 24 nsites= 13 E= 9.2e-001
 0.230769  0.000000  0.076923  0.692308
 0.000000  0.076923  0.000000  0.923077
 0.153846  0.153846  0.000000  0.692308
 0.000000  0.461538  0.000000  0.538462
 0.000000  0.538462  0.000000  0.461538
 0.000000  0.076923  0.076923  0.846154
 0.000000  0.000000  0.923077  0.076923
 0.384615  0.153846  0.000000  0.461538
 0.153846  0.538462  0.000000  0.307692
 0.307692  0.076923  0.000000  0.615385
 1.000000  0.000000  0.000000  0.000000
 0.230769  0.000000  0.230769  0.538462
 0.307692  0.153846  0.076923  0.461538
 0.230769  0.000000  0.230769  0.538462
 0.461538  0.000000  0.076923  0.461538
 0.615385  0.000000  0.000000  0.384615
 0.307692  0.153846  0.461538  0.076923
 0.230769  0.000000  0.000000  0.769231
 0.000000  0.384615  0.461538  0.153846
 0.076923  0.076923  0.000000  0.846154
 0.461538  0.461538  0.076923  0.000000
 0.000000  0.076923  0.846154  0.076923
 0.153846  0.307692  0.000000  0.538462
 0.000000  0.923077  0.076923  0.000000


MOTIF 16 MEME-3

letter-probability matrix: alength= 4 w= 28 nsites= 258 E= 2.2e-014
 0.531008  0.003876  0.081395  0.383721
 0.562016  0.034884  0.120155  0.282946
 0.565891  0.000000  0.069767  0.364341
 0.162791  0.027132  0.143411  0.666667
 0.360465  0.011628  0.302326  0.325581
 0.116279  0.112403  0.232558  0.538760
 0.232558  0.143411  0.472868  0.151163
 0.519380  0.085271  0.112403  0.282946
 0.329457  0.031008  0.162791  0.476744
 0.275194  0.050388  0.337209  0.337209
 0.476744  0.000000  0.193798  0.329457
 0.515504  0.000000  0.046512  0.437984
 0.507752  0.003876  0.023256  0.465116
 0.240310  0.023256  0.077519  0.658915
 0.430233  0.042636  0.147287  0.379845
 0.244186  0.077519  0.205426  0.472868
 0.271318  0.081395  0.569767  0.077519
 0.124031  0.100775  0.228682  0.546512
 0.267442  0.093023  0.341085  0.298450
 0.240310  0.217054  0.228682  0.313953
 0.558140  0.015504  0.062016  0.364341
 0.228682  0.000000  0.023256  0.748062
 0.120155  0.007752  0.054264  0.817829
 0.158915  0.000000  0.023256  0.817829
 0.081395  0.031008  0.100775  0.786822
 0.143411  0.313953  0.089147  0.453488
 0.162791  0.000000  0.647287  0.189922
 0.244186  0.546512  0.100775  0.108527
