MEME version 5.5.3

ALPHABET= ACGT

strands: +

Background letter frequencies (from ../bac_arc_db_07112023_CRISPRDetect3_default_08042023_new_ref_200bp_no_repeat_triple_annotation_cleaned_above_200bp_IC_Cyanobacteriota_currated_uclust_75_bg.txt):
 A 0.300 C 0.200 G 0.200 T 0.300

MOTIF 1 MEME-2

letter-probability matrix: alength= 4 w= 13 nsites= 17 E= 2.3e-001
 0.823529  0.000000  0.058824  0.117647
 0.764706  0.000000  0.235294  0.000000
 0.705882  0.000000  0.000000  0.294118
 0.882353  0.000000  0.117647  0.000000
 0.000000  0.529412  0.117647  0.352941
 0.000000  0.117647  0.058824  0.823529
 0.470588  0.000000  0.000000  0.529412
 0.411765  0.058824  0.176471  0.352941
 0.352941  0.647059  0.000000  0.000000
 0.000000  0.235294  0.000000  0.764706
 0.411765  0.000000  0.411765  0.176471
 0.000000  0.176471  0.000000  0.823529
 0.941176  0.058824  0.000000  0.000000


MOTIF 2 MEME-1

letter-probability matrix: alength= 4 w= 10 nsites= 22 E= 4.5e-002
 0.000000  0.500000  0.227273  0.272727
 0.590909  0.000000  0.409091  0.000000
 0.272727  0.727273  0.000000  0.000000
 0.318182  0.363636  0.000000  0.318182
 0.318182  0.409091  0.136364  0.136364
 0.000000  0.909091  0.045455  0.045455
 0.000000  0.045455  0.000000  0.954545
 0.272727  0.000000  0.727273  0.000000
 0.272727  0.227273  0.090909  0.409091
 0.727273  0.272727  0.000000  0.000000
