MEME version 5.5.3

ALPHABET= ACGT

strands: +

Background letter frequencies (from ../bac_arc_db_07112023_CRISPRDetect3_default_08042023_new_ref_200bp_no_repeat_triple_annotation_cleaned_above_200bp_IC_Planctomycetota_currated_uclust_75_bg.txt):
 A 0.224 C 0.276 G 0.276 T 0.224

MOTIF 1 MEME-4

letter-probability matrix: alength= 4 w= 8 nsites= 14 E= 8.1e-001
 0.000000  0.000000  0.714286  0.285714
 0.714286  0.285714  0.000000  0.000000
 0.428571  0.214286  0.285714  0.071429
 0.000000  0.000000  0.285714  0.714286
 0.000000  0.071429  0.000000  0.928571
 1.000000  0.000000  0.000000  0.000000
 0.000000  0.000000  0.285714  0.714286
 0.714286  0.000000  0.285714  0.000000


MOTIF 2 MEME-1

letter-probability matrix: alength= 4 w= 11 nsites= 30 E= 2.6e-005
 0.000000  0.066667  0.933333  0.000000
 0.000000  0.033333  0.900000  0.066667
 0.000000  0.000000  0.000000  1.000000
 0.000000  0.100000  0.000000  0.900000
 0.033333  0.933333  0.000000  0.033333
 0.033333  0.000000  0.966667  0.000000
 0.000000  0.933333  0.000000  0.066667
 0.133333  0.000000  0.866667  0.000000
 0.666667  0.000000  0.300000  0.033333
 0.566667  0.100000  0.033333  0.300000
 0.333333  0.000000  0.066667  0.600000
