MEME version 5.5.3

ALPHABET= ACGT

strands: +

Background letter frequencies (from ../bac_arc_db_07112023_CRISPRDetect3_default_08042023_new_ref_200bp_no_repeat_triple_annotation_cleaned_above_200bp_IC_Pseudomonadota_currated_uclust_75_bg.txt):
 A 0.246 C 0.254 G 0.254 T 0.246

MOTIF 1 MEME-14

letter-probability matrix: alength= 4 w= 11 nsites= 22 E= 2.3e-001
 0.000000  0.681818  0.000000  0.318182
 1.000000  0.000000  0.000000  0.000000
 1.000000  0.000000  0.000000  0.000000
 0.000000  0.272727  0.590909  0.136364
 0.545455  0.272727  0.000000  0.181818
 0.000000  0.409091  0.272727  0.318182
 1.000000  0.000000  0.000000  0.000000
 0.000000  0.181818  0.000000  0.818182
 0.000000  0.000000  0.000000  1.000000
 0.000000  0.136364  0.863636  0.000000
 0.727273  0.000000  0.272727  0.000000


MOTIF 2 MEME-14

letter-probability matrix: alength= 4 w= 7 nsites= 11 E= 4.9e-001
 0.000000  1.000000  0.000000  0.000000
 1.000000  0.000000  0.000000  0.000000
 0.000000  1.000000  0.000000  0.000000
 0.000000  1.000000  0.000000  0.000000
 0.272727  0.000000  0.727273  0.000000
 0.000000  0.909091  0.000000  0.090909
 0.000000  1.000000  0.000000  0.000000


MOTIF 3 MEME-14

letter-probability matrix: alength= 4 w= 15 nsites= 58 E= 2.1e-008
 0.137931  0.793103  0.000000  0.068966
 0.000000  1.000000  0.000000  0.000000
 0.137931  0.206897  0.586207  0.068966
 0.000000  0.810345  0.000000  0.189655
 0.000000  0.000000  0.000000  1.000000
 0.034483  0.293103  0.517241  0.155172
 0.655172  0.068966  0.224138  0.051724
 0.000000  0.017241  0.000000  0.982759
 0.051724  0.637931  0.086207  0.224138
 0.103448  0.310345  0.206897  0.379310
 0.000000  0.034483  0.000000  0.965517
 0.000000  0.568966  0.120690  0.310345
 0.000000  0.103448  0.000000  0.896552
 0.431034  0.000000  0.568966  0.000000
 0.724138  0.000000  0.275862  0.000000


MOTIF 4 MEME-14

letter-probability matrix: alength= 4 w= 12 nsites= 168 E= 1.4e-033
 0.000000  0.761905  0.000000  0.238095
 0.000000  0.000000  1.000000  0.000000
 0.017857  0.964286  0.017857  0.000000
 0.005952  0.023810  0.797619  0.172619
 1.000000  0.000000  0.000000  0.000000
 1.000000  0.000000  0.000000  0.000000
 0.000000  1.000000  0.000000  0.000000
 0.000000  0.934524  0.065476  0.000000
 0.077381  0.428571  0.220238  0.273810
 0.077381  0.565476  0.255952  0.101190
 0.654762  0.000000  0.083333  0.261905
 0.898810  0.000000  0.089286  0.011905


MOTIF 5 MEME-4

letter-probability matrix: alength= 4 w= 7 nsites= 68 E= 3.7e-010
 0.000000  0.000000  1.000000  0.000000
 0.000000  0.000000  0.000000  1.000000
 0.000000  0.000000  0.000000  1.000000
 0.323529  0.676471  0.000000  0.000000
 0.000000  0.000000  1.000000  0.000000
 0.000000  1.000000  0.000000  0.000000
 0.000000  0.000000  1.000000  0.000000


MOTIF 6 MEME-4

letter-probability matrix: alength= 4 w= 29 nsites= 247 E= 4.5e-055
 0.068826  0.056680  0.785425  0.089069
 0.032389  0.497976  0.052632  0.417004
 0.141700  0.085020  0.469636  0.303644
 0.214575  0.368421  0.194332  0.222672
 0.141700  0.287449  0.218623  0.352227
 0.052632  0.704453  0.149798  0.093117
 0.376518  0.222672  0.323887  0.076923
 0.072874  0.214575  0.376518  0.336032
 0.149798  0.372470  0.303644  0.174089
 0.457490  0.271255  0.178138  0.093117
 0.554656  0.125506  0.153846  0.165992
 0.542510  0.093117  0.089069  0.275304
 0.465587  0.137652  0.080972  0.315789
 0.157895  0.396761  0.113360  0.331984
 0.145749  0.502024  0.218623  0.133603
 0.052632  0.720648  0.117409  0.109312
 0.072874  0.457490  0.271255  0.198381
 0.149798  0.194332  0.607287  0.048583
 0.133603  0.145749  0.574899  0.145749
 0.125506  0.327935  0.417004  0.129555
 0.635628  0.133603  0.186235  0.044534
 0.036437  0.068826  0.854251  0.040486
 0.089069  0.004049  0.850202  0.056680
 0.032389  0.040486  0.012146  0.914980
 0.000000  0.012146  0.000000  0.987854
 0.251012  0.708502  0.040486  0.000000
 0.000000  0.000000  0.995951  0.004049
 0.000000  0.995951  0.000000  0.004049
 0.170040  0.004049  0.821862  0.004049


MOTIF 7 MEME-9

letter-probability matrix: alength= 4 w= 16 nsites= 24 E= 1.2e-001
 0.000000  0.500000  0.458333  0.041667
 0.000000  0.541667  0.291667  0.166667
 0.000000  0.000000  0.041667  0.958333
 0.000000  0.000000  0.000000  1.000000
 0.333333  0.000000  0.500000  0.166667
 0.041667  0.000000  0.875000  0.083333
 0.083333  0.791667  0.000000  0.125000
 0.000000  0.000000  1.000000  0.000000
 0.750000  0.000000  0.125000  0.125000
 0.875000  0.000000  0.000000  0.125000
 0.500000  0.000000  0.000000  0.500000
 0.500000  0.208333  0.083333  0.208333
 0.625000  0.166667  0.041667  0.166667
 0.125000  0.208333  0.625000  0.041667
 0.250000  0.000000  0.625000  0.125000
 0.000000  0.083333  0.916667  0.000000


MOTIF 8 MEME-9

letter-probability matrix: alength= 4 w= 10 nsites= 59 E= 1.9e-010
 0.000000  0.000000  0.000000  1.000000
 0.084746  0.915254  0.000000  0.000000
 0.000000  0.000000  0.000000  1.000000
 0.000000  0.000000  0.000000  1.000000
 0.000000  0.000000  0.000000  1.000000
 0.677966  0.000000  0.322034  0.000000
 1.000000  0.000000  0.000000  0.000000
 0.406780  0.440678  0.000000  0.152542
 1.000000  0.000000  0.000000  0.000000
 0.745763  0.000000  0.000000  0.254237


MOTIF 9 MEME-6

letter-probability matrix: alength= 4 w= 26 nsites= 58 E= 2.2e-004
 0.293103  0.206897  0.051724  0.448276
 0.137931  0.000000  0.000000  0.862069
 0.000000  0.000000  0.000000  1.000000
 0.068966  0.034483  0.017241  0.879310
 0.155172  0.275862  0.103448  0.465517
 0.103448  0.500000  0.172414  0.224138
 0.137931  0.534483  0.034483  0.293103
 0.137931  0.396552  0.189655  0.275862
 0.310345  0.189655  0.068966  0.431034
 0.120690  0.051724  0.327586  0.500000
 0.137931  0.258621  0.310345  0.293103
 0.034483  0.448276  0.172414  0.344828
 0.258621  0.189655  0.258621  0.293103
 0.241379  0.258621  0.224138  0.275862
 0.379310  0.206897  0.327586  0.086207
 0.310345  0.155172  0.206897  0.327586
 0.000000  0.948276  0.051724  0.000000
 0.706897  0.137931  0.051724  0.103448
 0.551724  0.068966  0.275862  0.103448
 0.172414  0.120690  0.293103  0.413793
 0.413793  0.189655  0.258621  0.137931
 0.206897  0.137931  0.293103  0.362069
 0.000000  0.017241  0.844828  0.137931
 0.206897  0.086207  0.000000  0.706897
 0.000000  0.000000  0.000000  1.000000
 1.000000  0.000000  0.000000  0.000000
