MEME version 5.5.3

ALPHABET= ACGT

strands: +

Background letter frequencies (from ../bac_arc_db_07112023_CRISPRDetect3_default_08042023_new_ref_200bp_no_repeat_triple_annotation_cleaned_above_200bp_IC_Thermodesulfobacteriota_currated_uclust_75_bg.txt):
 A 0.258 C 0.242 G 0.242 T 0.258

MOTIF 1 MEME-1

letter-probability matrix: alength= 4 w= 15 nsites= 78 E= 1.6e-009
 0.192308  0.064103  0.551282  0.192308
 0.269231  0.128205  0.435897  0.166667
 0.102564  0.358974  0.371795  0.166667
 0.282051  0.115385  0.282051  0.320513
 0.064103  0.128205  0.679487  0.128205
 0.192308  0.000000  0.551282  0.256410
 0.179487  0.000000  0.064103  0.756410
 0.025641  0.128205  0.205128  0.641026
 0.064103  0.910256  0.025641  0.000000
 0.012821  0.000000  0.910256  0.076923
 0.000000  1.000000  0.000000  0.000000
 0.166667  0.000000  0.807692  0.025641
 0.653846  0.000000  0.307692  0.038462
 0.717949  0.153846  0.000000  0.128205
 0.333333  0.435897  0.141026  0.089744
