MEME version 5.5.3

ALPHABET= ACGT

strands: +

Background letter frequencies (from ../bac_arc_db_07112023_CRISPRDetect3_default_08042023_new_ref_200bp_no_repeat_triple_annotation_cleaned_above_200bp_IC_Verrucomicrobiota_currated_uclust_75_bg.txt):
 A 0.248 C 0.252 G 0.252 T 0.248

MOTIF 1 MEME-3

letter-probability matrix: alength= 4 w= 17 nsites= 11 E= 3.3e-001
 0.909091  0.090909  0.000000  0.000000
 0.000000  0.181818  0.272727  0.545455
 0.000000  0.090909  0.727273  0.181818
 0.181818  0.727273  0.090909  0.000000
 0.181818  0.000000  0.000000  0.818182
 0.181818  0.000000  0.454545  0.363636
 0.090909  0.090909  0.181818  0.636364
 0.909091  0.090909  0.000000  0.000000
 0.363636  0.000000  0.090909  0.545455
 0.000000  0.363636  0.545455  0.090909
 0.727273  0.181818  0.000000  0.090909
 0.363636  0.181818  0.454545  0.000000
 0.272727  0.090909  0.454545  0.181818
 0.090909  0.000000  0.272727  0.636364
 0.000000  0.000000  0.000000  1.000000
 0.000000  0.000000  1.000000  0.000000
 0.272727  0.000000  0.181818  0.545455


MOTIF 2 MEME-1

letter-probability matrix: alength= 4 w= 16 nsites= 31 E= 8.7e-003
 0.064516  0.000000  0.193548  0.741935
 0.225806  0.548387  0.225806  0.000000
 0.290323  0.290323  0.193548  0.225806
 0.096774  0.580645  0.161290  0.161290
 0.258065  0.000000  0.516129  0.225806
 0.161290  0.322581  0.516129  0.000000
 0.387097  0.161290  0.290323  0.161290
 0.677419  0.000000  0.129032  0.193548
 0.645161  0.161290  0.096774  0.096774
 0.580645  0.322581  0.000000  0.096774
 0.258065  0.096774  0.000000  0.645161
 0.129032  0.290323  0.129032  0.451613
 0.000000  0.548387  0.129032  0.322581
 0.000000  1.000000  0.000000  0.000000
 0.096774  0.774194  0.129032  0.000000
 0.000000  0.000000  0.483871  0.516129


MOTIF 3 MEME-1

letter-probability matrix: alength= 4 w= 9 nsites= 19 E= 6.5e-001
 0.052632  0.105263  0.052632  0.789474
 0.000000  0.000000  0.315789  0.684211
 0.000000  0.315789  0.368421  0.315789
 0.684211  0.000000  0.157895  0.157895
 0.000000  0.000000  0.000000  1.000000
 0.473684  0.526316  0.000000  0.000000
 0.947368  0.000000  0.000000  0.052632
 0.105263  0.000000  0.894737  0.000000
 0.315789  0.000000  0.684211  0.000000


MOTIF 4 MEME-2

letter-probability matrix: alength= 4 w= 17 nsites= 15 E= 5.5e-002
 0.066667  0.333333  0.066667  0.533333
 0.200000  0.133333  0.200000  0.466667
 0.000000  0.133333  0.866667  0.000000
 0.133333  0.866667  0.000000  0.000000
 0.000000  0.066667  0.933333  0.000000
 0.000000  0.933333  0.066667  0.000000
 0.000000  0.600000  0.400000  0.000000
 0.800000  0.066667  0.133333  0.000000
 1.000000  0.000000  0.000000  0.000000
 0.066667  0.866667  0.066667  0.000000
 0.000000  0.866667  0.000000  0.133333
 0.000000  0.733333  0.000000  0.266667
 0.000000  0.933333  0.066667  0.000000
 0.933333  0.066667  0.000000  0.000000
 0.866667  0.000000  0.133333  0.000000
 0.000000  0.066667  0.933333  0.000000
 0.000000  1.000000  0.000000  0.000000
