MEME version 5.5.3

ALPHABET= ACGT

strands: +

Background letter frequencies (from ../bac_arc_db_07112023_CRISPRDetect3_default_08042023_new_ref_200bp_no_repeat_triple_annotation_cleaned_above_200bp_ID_Bacillota_currated_uclust_75_bg.txt):
 A 0.294 C 0.206 G 0.206 T 0.294

MOTIF 1 MEME-11

letter-probability matrix: alength= 4 w= 7 nsites= 4 E= 6.5e-001
 1.000000  0.000000  0.000000  0.000000
 0.000000  0.000000  0.000000  1.000000
 0.000000  0.000000  0.000000  1.000000
 0.000000  1.000000  0.000000  0.000000
 0.250000  0.000000  0.000000  0.750000
 0.500000  0.000000  0.000000  0.500000
 1.000000  0.000000  0.000000  0.000000


MOTIF 2 MEME-11

letter-probability matrix: alength= 4 w= 7 nsites= 7 E= 5.2e-001
 0.000000  0.285714  0.428571  0.285714
 0.000000  0.000000  0.857143  0.142857
 0.000000  0.285714  0.428571  0.285714
 0.000000  0.000000  0.428571  0.571429
 0.000000  0.000000  0.000000  1.000000
 1.000000  0.000000  0.000000  0.000000
 1.000000  0.000000  0.000000  0.000000


MOTIF 3 MEME-2

letter-probability matrix: alength= 4 w= 11 nsites= 14 E= 5.9e-002
 0.571429  0.000000  0.428571  0.000000
 0.071429  0.000000  0.857143  0.071429
 0.214286  0.000000  0.071429  0.714286
 0.000000  0.357143  0.642857  0.000000
 0.071429  0.142857  0.571429  0.214286
 0.000000  0.000000  0.000000  1.000000
 0.000000  0.714286  0.000000  0.285714
 0.071429  0.000000  0.714286  0.214286
 0.000000  0.428571  0.571429  0.000000
 0.857143  0.071429  0.071429  0.000000
 0.928571  0.000000  0.071429  0.000000


MOTIF 4 MEME-12

letter-probability matrix: alength= 4 w= 6 nsites= 5 E= 5.7e-001
 0.200000  0.000000  0.000000  0.800000
 0.000000  0.000000  0.400000  0.600000
 0.000000  1.000000  0.000000  0.000000
 1.000000  0.000000  0.000000  0.000000
 0.000000  0.000000  1.000000  0.000000
 0.800000  0.000000  0.200000  0.000000
