MEME version 5.5.3

ALPHABET= ACGT

strands: +

Background letter frequencies (from ../bac_arc_db_07112023_CRISPRDetect3_default_08042023_new_ref_200bp_no_repeat_triple_annotation_cleaned_above_200bp_ID_Cyanobacteriota_currated_uclust_75_bg.txt):
 A 0.286 C 0.214 G 0.214 T 0.286

MOTIF 1 MEME-2

letter-probability matrix: alength= 4 w= 11 nsites= 46 E= 3.5e-005
 0.000000  0.695652  0.000000  0.304348
 0.043478  0.913043  0.043478  0.000000
 0.000000  0.000000  1.000000  0.000000
 0.000000  0.869565  0.000000  0.130435
 0.000000  0.000000  1.000000  0.000000
 0.065217  0.934783  0.000000  0.000000
 0.717391  0.000000  0.152174  0.130435
 0.847826  0.065217  0.021739  0.065217
 0.347826  0.326087  0.000000  0.326087
 0.152174  0.391304  0.152174  0.304348
 0.043478  0.086957  0.739130  0.130435


MOTIF 2 MEME-3

letter-probability matrix: alength= 4 w= 15 nsites= 20 E= 1.3e-001
 0.100000  0.000000  0.000000  0.900000
 0.000000  0.400000  0.350000  0.250000
 0.400000  0.050000  0.000000  0.550000
 0.450000  0.200000  0.050000  0.300000
 0.750000  0.100000  0.150000  0.000000
 0.100000  0.100000  0.100000  0.700000
 0.100000  0.000000  0.900000  0.000000
 0.000000  0.750000  0.250000  0.000000
 0.000000  0.000000  0.000000  1.000000
 1.000000  0.000000  0.000000  0.000000
 0.000000  0.150000  0.000000  0.850000
 0.250000  0.200000  0.450000  0.100000
 0.650000  0.000000  0.000000  0.350000
 0.000000  0.000000  0.000000  1.000000
 0.000000  0.200000  0.000000  0.800000


MOTIF 3 MEME-1

letter-probability matrix: alength= 4 w= 29 nsites= 103 E= 3.2e-019
 0.009709  0.427184  0.009709  0.553398
 0.000000  0.252427  0.000000  0.747573
 0.145631  0.019417  0.834951  0.000000
 0.611650  0.165049  0.155340  0.067961
 0.786408  0.048544  0.165049  0.000000
 0.796117  0.116505  0.019417  0.067961
 0.592233  0.203883  0.058252  0.145631
 0.029126  0.747573  0.145631  0.077670
 0.029126  0.475728  0.000000  0.495146
 0.310680  0.097087  0.048544  0.543689
 0.320388  0.203883  0.106796  0.368932
 0.815534  0.038835  0.087379  0.058252
 0.009709  0.310680  0.019417  0.660194
 0.660194  0.116505  0.097087  0.126214
 0.174757  0.291262  0.145631  0.388350
 0.504854  0.077670  0.174757  0.242718
 0.281553  0.058252  0.407767  0.252427
 0.262136  0.378641  0.038835  0.320388
 0.563107  0.281553  0.029126  0.126214
 0.650485  0.019417  0.000000  0.330097
 0.194175  0.087379  0.543689  0.174757
 0.262136  0.126214  0.572816  0.038835
 0.155340  0.271845  0.446602  0.126214
 0.058252  0.019417  0.000000  0.922330
 0.000000  0.019417  0.000000  0.980583
 0.029126  0.165049  0.019417  0.786408
 0.009709  0.524272  0.087379  0.378641
 0.747573  0.000000  0.213592  0.038835
 0.194175  0.029126  0.728155  0.048544
