MEME version 5.5.3

ALPHABET= ACGT

strands: +

Background letter frequencies (from ../bac_arc_db_07112023_CRISPRDetect3_default_08042023_new_ref_200bp_no_repeat_triple_annotation_cleaned_above_200bp_ID_Euryarchaeota_currated_uclust_75_bg.txt):
 A 0.271 C 0.229 G 0.229 T 0.271

MOTIF 1 MEME-2

letter-probability matrix: alength= 4 w= 7 nsites= 13 E= 2.5e-001
 0.000000  1.000000  0.000000  0.000000
 0.000000  0.000000  1.000000  0.000000
 1.000000  0.000000  0.000000  0.000000
 1.000000  0.000000  0.000000  0.000000
 0.000000  1.000000  0.000000  0.000000
 0.000000  0.000000  1.000000  0.000000
 0.000000  0.000000  0.000000  1.000000


MOTIF 2 MEME-4

letter-probability matrix: alength= 4 w= 22 nsites= 11 E= 7.7e-001
 0.181818  0.818182  0.000000  0.000000
 0.000000  0.545455  0.181818  0.272727
 0.090909  0.000000  0.909091  0.000000
 0.818182  0.090909  0.000000  0.090909
 0.090909  0.545455  0.000000  0.363636
 0.090909  0.818182  0.000000  0.090909
 0.000000  0.000000  0.000000  1.000000
 0.000000  0.636364  0.000000  0.363636
 0.000000  0.000000  1.000000  0.000000
 0.000000  0.000000  0.727273  0.272727
 0.181818  0.272727  0.272727  0.272727
 0.181818  0.000000  0.363636  0.454545
 0.000000  0.636364  0.000000  0.363636
 0.090909  0.636364  0.272727  0.000000
 0.181818  0.000000  0.636364  0.181818
 0.545455  0.090909  0.363636  0.000000
 0.272727  0.181818  0.090909  0.454545
 0.181818  0.727273  0.090909  0.000000
 0.181818  0.818182  0.000000  0.000000
 0.545455  0.000000  0.272727  0.181818
 0.000000  1.000000  0.000000  0.000000
 0.090909  0.909091  0.000000  0.000000


MOTIF 3 MEME-3

letter-probability matrix: alength= 4 w= 8 nsites= 16 E= 5.1e-001
 0.250000  0.000000  0.750000  0.000000
 0.562500  0.437500  0.000000  0.000000
 0.000000  0.125000  0.187500  0.687500
 0.000000  0.000000  1.000000  0.000000
 0.937500  0.000000  0.000000  0.062500
 0.000000  0.000000  1.000000  0.000000
 0.375000  0.625000  0.000000  0.000000
 1.000000  0.000000  0.000000  0.000000


MOTIF 4 MEME-1

letter-probability matrix: alength= 4 w= 27 nsites= 89 E= 8.3e-011
 0.067416  0.067416  0.202247  0.662921
 0.741573  0.089888  0.078652  0.089888
 0.000000  0.415730  0.112360  0.471910
 0.550562  0.157303  0.202247  0.089888
 0.191011  0.078652  0.662921  0.067416
 0.078652  0.483146  0.224719  0.213483
 0.089888  0.696629  0.168539  0.044944
 0.011236  0.325843  0.191011  0.471910
 0.123596  0.449438  0.157303  0.269663
 0.112360  0.292135  0.235955  0.359551
 0.269663  0.134831  0.573034  0.022472
 0.000000  0.011236  0.000000  0.988764
 0.179775  0.528090  0.292135  0.000000
 0.235955  0.258427  0.494382  0.011236
 0.719101  0.134831  0.078652  0.067416
 0.011236  0.719101  0.146067  0.123596
 0.000000  0.426966  0.573034  0.000000
 0.348315  0.235955  0.112360  0.303371
 0.584270  0.000000  0.011236  0.404494
 0.123596  0.123596  0.314607  0.438202
 0.337079  0.179775  0.123596  0.359551
 0.224719  0.146067  0.146067  0.483146
 0.179775  0.269663  0.202247  0.348315
 0.359551  0.280899  0.292135  0.067416
 0.528090  0.033708  0.359551  0.078652
 0.224719  0.404494  0.292135  0.078652
 0.022472  0.505618  0.123596  0.348315
