MEME version 5.5.3

ALPHABET= ACGT

strands: +

Background letter frequencies (from ../bac_arc_db_07112023_CRISPRDetect3_default_08042023_new_ref_200bp_no_repeat_triple_annotation_cleaned_above_200bp_ID_Thermoproteota_currated_uclust_75_bg.txt):
 A 0.310 C 0.190 G 0.190 T 0.310

MOTIF 1 MEME-3

letter-probability matrix: alength= 4 w= 8 nsites= 9 E= 7.1e-001
 1.000000  0.000000  0.000000  0.000000
 1.000000  0.000000  0.000000  0.000000
 0.000000  1.000000  0.000000  0.000000
 0.000000  0.000000  0.222222  0.777778
 0.222222  0.444444  0.222222  0.111111
 0.000000  1.000000  0.000000  0.000000
 0.000000  1.000000  0.000000  0.000000
 0.000000  0.000000  0.000000  1.000000


MOTIF 2 MEME-3

letter-probability matrix: alength= 4 w= 6 nsites= 4 E= 8.8e-001
 1.000000  0.000000  0.000000  0.000000
 1.000000  0.000000  0.000000  0.000000
 0.000000  0.000000  0.500000  0.500000
 1.000000  0.000000  0.000000  0.000000
 0.000000  0.000000  0.750000  0.250000
 0.000000  0.000000  1.000000  0.000000


MOTIF 3 MEME-3

letter-probability matrix: alength= 4 w= 6 nsites= 4 E= 5.3e-001
 1.000000  0.000000  0.000000  0.000000
 1.000000  0.000000  0.000000  0.000000
 0.000000  0.000000  0.000000  1.000000
 0.500000  0.000000  0.500000  0.000000
 0.000000  0.750000  0.250000  0.000000
 0.750000  0.000000  0.250000  0.000000
