MEME version 5.5.3

ALPHABET= ACGT

strands: +

Background letter frequencies (from ../bac_arc_db_07112023_CRISPRDetect3_default_08042023_new_ref_200bp_no_repeat_triple_annotation_cleaned_above_200bp_IE_Actinomycetota_currated_uclust_60_bg.txt):
 A 0.198 C 0.302 G 0.302 T 0.198

MOTIF 1 MEME-1

letter-probability matrix: alength= 4 w= 40 nsites= 562 E= 4.3e-087
 0.699288  0.065836  0.174377  0.060498
 0.661922  0.042705  0.186833  0.108541
 0.617438  0.110320  0.087189  0.185053
 0.290036  0.427046  0.106762  0.176157
 0.202847  0.334520  0.313167  0.149466
 0.193950  0.268683  0.403915  0.133452
 0.117438  0.355872  0.405694  0.120996
 0.120996  0.323843  0.430605  0.124555
 0.129893  0.460854  0.181495  0.227758
 0.314947  0.261566  0.167260  0.256228
 0.316726  0.250890  0.209964  0.222420
 0.268683  0.316726  0.185053  0.229537
 0.115658  0.339858  0.370107  0.174377
 0.120996  0.403915  0.393238  0.081851
 0.138790  0.428826  0.343416  0.088968
 0.074733  0.450178  0.306050  0.169039
 0.129893  0.382562  0.209964  0.277580
 0.138790  0.225979  0.382562  0.252669
 0.309609  0.220641  0.418149  0.051601
 0.092527  0.190391  0.044484  0.672598
 0.820285  0.001779  0.120996  0.056940
 0.676157  0.000000  0.179715  0.144128
 0.690391  0.233096  0.037367  0.039146
 0.270463  0.288256  0.355872  0.085409
 0.097865  0.427046  0.158363  0.316726
 0.088968  0.642349  0.055160  0.213523
 0.030249  0.359431  0.608541  0.001779
 0.005338  0.989324  0.005338  0.000000
 0.798932  0.000000  0.000000  0.201068
 0.008897  0.007117  0.969751  0.014235
 0.028470  0.087189  0.839858  0.044484
 0.007117  0.019573  0.003559  0.969751
 0.008897  0.937722  0.033808  0.019573
 0.841637  0.005338  0.153025  0.000000
 0.236655  0.238434  0.432384  0.092527
 0.104982  0.327402  0.444840  0.122776
 0.695730  0.088968  0.113879  0.101423
 0.918149  0.053381  0.017794  0.010676
 0.007117  0.126335  0.866548  0.000000
 0.088968  0.090747  0.165480  0.654804


MOTIF 2 MEME-1

letter-probability matrix: alength= 4 w= 10 nsites= 94 E= 1.4e-007
 0.829787  0.021277  0.127660  0.021277
 1.000000  0.000000  0.000000  0.000000
 0.000000  0.191489  0.808511  0.000000
 0.000000  0.000000  0.000000  1.000000
 0.117021  0.000000  0.882979  0.000000
 1.000000  0.000000  0.000000  0.000000
 0.968085  0.000000  0.000000  0.031915
 0.000000  0.159574  0.170213  0.670213
 0.117021  0.021277  0.829787  0.031915
 0.946809  0.000000  0.031915  0.021277


MOTIF 3 MEME-15

letter-probability matrix: alength= 4 w= 7 nsites= 131 E= 8.8e-001
 1.000000  0.000000  0.000000  0.000000
 0.000000  1.000000  0.000000  0.000000
 0.000000  1.000000  0.000000  0.000000
 0.000000  0.000000  1.000000  0.000000
 1.000000  0.000000  0.000000  0.000000
 0.381679  0.000000  0.335878  0.282443
 0.000000  0.603053  0.396947  0.000000


MOTIF 4 MEME-9

letter-probability matrix: alength= 4 w= 15 nsites= 27 E= 7.9e-001
 0.074074  0.925926  0.000000  0.000000
 1.000000  0.000000  0.000000  0.000000
 0.000000  0.666667  0.037037  0.296296
 0.185185  0.777778  0.000000  0.037037
 0.185185  0.000000  0.777778  0.037037
 0.259259  0.259259  0.407407  0.074074
 0.000000  1.000000  0.000000  0.000000
 1.000000  0.000000  0.000000  0.000000
 0.000000  0.481481  0.000000  0.518519
 0.000000  0.111111  0.888889  0.000000
 0.851852  0.000000  0.148148  0.000000
 0.185185  0.444444  0.074074  0.296296
 0.000000  0.074074  0.037037  0.888889
 0.000000  0.000000  1.000000  0.000000
 0.000000  0.111111  0.888889  0.000000


MOTIF 5 MEME-7

letter-probability matrix: alength= 4 w= 13 nsites= 227 E= 8.6e-006
 0.000000  0.991189  0.008811  0.000000
 0.629956  0.026432  0.317181  0.026432
 0.101322  0.735683  0.022026  0.140969
 0.000000  0.960352  0.000000  0.039648
 0.118943  0.273128  0.581498  0.026432
 0.471366  0.132159  0.180617  0.215859
 0.022026  0.973568  0.004405  0.000000
 0.528634  0.317181  0.145374  0.008811
 0.339207  0.405286  0.074890  0.180617
 0.114537  0.885463  0.000000  0.000000
 0.577093  0.083700  0.330396  0.008811
 0.207048  0.625551  0.110132  0.057269
 0.070485  0.907489  0.022026  0.000000


MOTIF 6 MEME-7

letter-probability matrix: alength= 4 w= 24 nsites= 84 E= 7.3e-001
 0.000000  0.809524  0.166667  0.023810
 0.333333  0.297619  0.345238  0.023810
 0.321429  0.035714  0.095238  0.547619
 0.000000  0.869048  0.130952  0.000000
 0.071429  0.392857  0.535714  0.000000
 0.642857  0.000000  0.273810  0.083333
 0.035714  0.821429  0.142857  0.000000
 0.190476  0.297619  0.345238  0.166667
 0.404762  0.273810  0.238095  0.083333
 0.107143  0.750000  0.142857  0.000000
 0.357143  0.452381  0.130952  0.059524
 0.238095  0.285714  0.000000  0.476190
 0.000000  0.488095  0.511905  0.000000
 0.511905  0.261905  0.130952  0.095238
 0.345238  0.130952  0.095238  0.428571
 0.071429  0.821429  0.107143  0.000000
 0.000000  0.357143  0.642857  0.000000
 0.535714  0.309524  0.154762  0.000000
 0.119048  0.607143  0.226190  0.047619
 0.333333  0.476190  0.119048  0.071429
 0.535714  0.071429  0.059524  0.333333
 0.107143  0.452381  0.440476  0.000000
 0.285714  0.511905  0.202381  0.000000
 0.309524  0.107143  0.059524  0.523810


MOTIF 7 MEME-10

letter-probability matrix: alength= 4 w= 15 nsites= 43 E= 3.8e-001
 0.069767  0.069767  0.860465  0.000000
 0.162791  0.162791  0.627907  0.046512
 0.279070  0.604651  0.000000  0.116279
 0.000000  0.000000  0.534884  0.465116
 0.093023  0.488372  0.418605  0.000000
 0.000000  0.697674  0.232558  0.069767
 0.023256  0.116279  0.837209  0.023256
 0.000000  0.000000  1.000000  0.000000
 0.093023  0.604651  0.302326  0.000000
 0.116279  0.860465  0.000000  0.023256
 0.000000  0.000000  0.093023  0.906977
 0.186047  0.046512  0.674419  0.093023
 0.000000  0.953488  0.046512  0.000000
 0.000000  0.046512  0.581395  0.372093
 0.000000  0.813953  0.186047  0.000000


MOTIF 8 MEME-10

letter-probability matrix: alength= 4 w= 31 nsites= 111 E= 1.9e-010
 0.027027  0.018018  0.918919  0.036036
 0.018018  0.054054  0.927928  0.000000
 0.279279  0.369369  0.216216  0.135135
 0.000000  0.000000  0.000000  1.000000
 0.009009  0.000000  0.990991  0.000000
 0.000000  0.000000  1.000000  0.000000
 0.747748  0.000000  0.027027  0.225225
 0.009009  0.234234  0.756757  0.000000
 0.072072  0.702703  0.054054  0.171171
 0.801802  0.090090  0.090090  0.018018
 0.612613  0.243243  0.081081  0.063063
 0.243243  0.216216  0.342342  0.198198
 0.000000  0.036036  0.963964  0.000000
 0.000000  0.963964  0.009009  0.027027
 0.207207  0.378378  0.189189  0.225225
 0.180180  0.162162  0.333333  0.324324
 0.000000  0.567568  0.432432  0.000000
 0.180180  0.405405  0.270270  0.144144
 0.522523  0.441441  0.036036  0.000000
 0.513514  0.027027  0.459459  0.000000
 0.306306  0.126126  0.459459  0.108108
 0.171171  0.540541  0.081081  0.207207
 0.270270  0.054054  0.522523  0.153153
 0.234234  0.279279  0.297297  0.189189
 0.126126  0.810811  0.027027  0.036036
 0.054054  0.000000  0.945946  0.000000
 0.180180  0.324324  0.288288  0.207207
 0.315315  0.594595  0.054054  0.036036
 0.153153  0.081081  0.747748  0.018018
 0.279279  0.252252  0.315315  0.153153
 0.081081  0.072072  0.243243  0.603604


MOTIF 9 MEME-10

letter-probability matrix: alength= 4 w= 27 nsites= 174 E= 7.2e-022
 0.086207  0.034483  0.816092  0.063218
 0.189655  0.206897  0.310345  0.293103
 0.063218  0.465517  0.362069  0.109195
 0.114943  0.534483  0.137931  0.212644
 0.080460  0.224138  0.586207  0.109195
 0.413793  0.132184  0.229885  0.224138
 0.390805  0.017241  0.051724  0.540230
 0.689655  0.000000  0.051724  0.258621
 0.017241  0.045977  0.063218  0.873563
 0.017241  0.005747  0.977011  0.000000
 0.028736  0.436782  0.005747  0.528736
 0.011494  0.977011  0.005747  0.005747
 0.005747  0.339080  0.540230  0.114943
 0.091954  0.080460  0.827586  0.000000
 0.660920  0.022989  0.074713  0.241379
 0.367816  0.034483  0.149425  0.448276
 0.017241  0.080460  0.000000  0.902299
 0.005747  0.747126  0.005747  0.241379
 0.086207  0.172414  0.247126  0.494253
 0.126437  0.362069  0.379310  0.132184
 0.155172  0.247126  0.218391  0.379310
 0.304598  0.022989  0.655172  0.017241
 0.494253  0.080460  0.413793  0.011494
 0.931034  0.000000  0.017241  0.051724
 0.896552  0.000000  0.080460  0.022989
 0.000000  0.074713  0.885057  0.040230
 0.000000  0.040230  0.000000  0.959770


MOTIF 10 MEME-10

letter-probability matrix: alength= 4 w= 34 nsites= 54 E= 1.1e-001
 0.000000  0.092593  0.703704  0.203704
 0.222222  0.185185  0.407407  0.185185
 0.203704  0.092593  0.574074  0.129630
 0.018519  0.518519  0.425926  0.037037
 0.111111  0.203704  0.611111  0.074074
 0.074074  0.000000  0.685185  0.240741
 0.166667  0.000000  0.611111  0.222222
 0.185185  0.074074  0.370370  0.370370
 0.055556  0.222222  0.666667  0.055556
 0.055556  0.277778  0.444444  0.222222
 0.055556  0.074074  0.722222  0.148148
 0.111111  0.148148  0.574074  0.166667
 0.074074  0.000000  0.759259  0.166667
 0.240741  0.000000  0.648148  0.111111
 0.000000  0.296296  0.537037  0.166667
 0.148148  0.314815  0.481481  0.055556
 0.166667  0.129630  0.537037  0.166667
 0.074074  0.055556  0.685185  0.185185
 0.259259  0.111111  0.296296  0.333333
 0.111111  0.074074  0.370370  0.444444
 0.092593  0.074074  0.833333  0.000000
 0.000000  0.018519  0.833333  0.148148
 0.148148  0.037037  0.500000  0.314815
 0.129630  0.111111  0.703704  0.055556
 0.111111  0.203704  0.629630  0.055556
 0.092593  0.037037  0.555556  0.314815
 0.296296  0.333333  0.333333  0.037037
 0.000000  0.000000  1.000000  0.000000
 0.129630  0.333333  0.333333  0.203704
 0.000000  0.000000  0.648148  0.351852
 0.259259  0.074074  0.277778  0.388889
 0.055556  0.388889  0.425926  0.129630
 0.129630  0.222222  0.592593  0.055556
 0.000000  0.092593  0.666667  0.240741


MOTIF 11 MEME-3

letter-probability matrix: alength= 4 w= 34 nsites= 86 E= 1.4e-010
 0.372093  0.023256  0.569767  0.034884
 0.127907  0.255814  0.046512  0.569767
 0.046512  0.465116  0.279070  0.209302
 0.000000  0.000000  0.976744  0.023256
 0.965116  0.011628  0.023256  0.000000
 0.000000  0.709302  0.034884  0.255814
 0.116279  0.232558  0.127907  0.523256
 0.127907  0.023256  0.081395  0.767442
 0.023256  0.616279  0.093023  0.267442
 0.000000  0.058140  0.941860  0.000000
 0.965116  0.034884  0.000000  0.000000
 0.093023  0.546512  0.116279  0.244186
 0.000000  0.000000  1.000000  0.000000
 0.000000  0.000000  1.000000  0.000000
 0.162791  0.406977  0.290698  0.139535
 0.139535  0.534884  0.232558  0.093023
 0.000000  0.023256  0.011628  0.965116
 0.093023  0.441860  0.337209  0.127907
 0.546512  0.267442  0.104651  0.081395
 0.232558  0.546512  0.046512  0.174419
 0.174419  0.337209  0.360465  0.127907
 0.000000  0.744186  0.058140  0.197674
 0.000000  0.000000  0.011628  0.988372
 0.069767  0.372093  0.453488  0.104651
 0.697674  0.069767  0.174419  0.058140
 0.000000  0.093023  0.034884  0.872093
 0.093023  0.197674  0.593023  0.116279
 0.197674  0.430233  0.279070  0.093023
 0.174419  0.220930  0.325581  0.279070
 0.186047  0.360465  0.313953  0.139535
 0.186047  0.686047  0.023256  0.104651
 0.093023  0.000000  0.767442  0.139535
 0.139535  0.302326  0.337209  0.220930
 0.127907  0.802326  0.046512  0.023256


MOTIF 12 MEME-3

letter-probability matrix: alength= 4 w= 19 nsites= 89 E= 9.8e-008
 0.000000  0.235955  0.101124  0.662921
 0.033708  0.887640  0.000000  0.078652
 0.000000  0.775281  0.011236  0.213483
 0.011236  0.898876  0.056180  0.033708
 0.000000  0.786517  0.089888  0.123596
 0.112360  0.033708  0.842697  0.011236
 0.000000  0.955056  0.000000  0.044944
 0.213483  0.067416  0.662921  0.056180
 0.044944  0.483146  0.247191  0.224719
 0.337079  0.213483  0.393258  0.056180
 0.112360  0.494382  0.123596  0.269663
 0.067416  0.000000  0.932584  0.000000
 0.000000  0.921348  0.000000  0.078652
 0.146067  0.033708  0.808989  0.011236
 0.022472  0.000000  0.955056  0.022472
 0.179775  0.000000  0.820225  0.000000
 0.022472  0.022472  0.955056  0.000000
 0.595506  0.123596  0.157303  0.123596
 0.000000  0.179775  0.213483  0.606742
