MEME version 5.5.3

ALPHABET= ACGT

strands: +

Background letter frequencies (from ../bac_arc_db_07112023_CRISPRDetect3_default_08042023_new_ref_200bp_no_repeat_triple_annotation_cleaned_above_200bp_IE_Bacillota_currated_uclust_75_bg.txt):
 A 0.330 C 0.170 G 0.170 T 0.330

MOTIF 1 MEME-2

letter-probability matrix: alength= 4 w= 15 nsites= 98 E= 4.1e-009
 0.938776  0.000000  0.000000  0.061224
 0.734694  0.000000  0.265306  0.000000
 0.000000  0.469388  0.295918  0.234694
 0.000000  0.000000  0.000000  1.000000
 0.418367  0.193878  0.387755  0.000000
 0.979592  0.000000  0.000000  0.020408
 0.357143  0.010204  0.010204  0.622449
 0.224490  0.000000  0.285714  0.489796
 0.571429  0.000000  0.357143  0.071429
 0.989796  0.000000  0.000000  0.010204
 0.969388  0.000000  0.000000  0.030612
 0.765306  0.020408  0.000000  0.214286
 0.673469  0.020408  0.000000  0.306122
 0.285714  0.132653  0.051020  0.530612
 0.173469  0.234694  0.530612  0.061224


MOTIF 2 MEME-2

letter-probability matrix: alength= 4 w= 26 nsites= 97 E= 1.1e-014
 0.927835  0.000000  0.061856  0.010309
 0.752577  0.010309  0.061856  0.175258
 0.082474  0.082474  0.123711  0.711340
 0.144330  0.185567  0.649485  0.020619
 0.020619  0.319588  0.340206  0.319588
 0.020619  0.453608  0.000000  0.525773
 0.030928  0.020619  0.731959  0.216495
 0.422680  0.092784  0.226804  0.257732
 0.175258  0.041237  0.061856  0.721649
 0.597938  0.000000  0.164948  0.237113
 0.082474  0.061856  0.092784  0.762887
 0.453608  0.051546  0.288660  0.206186
 0.525773  0.041237  0.092784  0.340206
 0.144330  0.567010  0.010309  0.278351
 0.474227  0.020619  0.432990  0.072165
 0.175258  0.020619  0.793814  0.010309
 0.000000  0.144330  0.793814  0.061856
 0.319588  0.030928  0.639175  0.010309
 0.515464  0.000000  0.000000  0.484536
 0.010309  0.041237  0.000000  0.948454
 0.020619  0.391753  0.000000  0.587629
 0.072165  0.175258  0.206186  0.546392
 0.030928  0.020619  0.010309  0.938144
 0.000000  0.000000  0.000000  1.000000
 0.051546  0.000000  0.000000  0.948454
 1.000000  0.000000  0.000000  0.000000


MOTIF 3 MEME-2

letter-probability matrix: alength= 4 w= 25 nsites= 43 E= 9.5e-004
 0.790698  0.139535  0.023256  0.046512
 0.255814  0.116279  0.046512  0.581395
 0.930233  0.000000  0.069767  0.000000
 1.000000  0.000000  0.000000  0.000000
 0.000000  0.465116  0.000000  0.534884
 0.000000  0.000000  0.000000  1.000000
 0.953488  0.000000  0.000000  0.046512
 0.000000  0.255814  0.000000  0.744186
 0.604651  0.372093  0.023256  0.000000
 0.697674  0.000000  0.302326  0.000000
 0.348837  0.139535  0.441860  0.069767
 0.000000  0.418605  0.000000  0.581395
 0.000000  0.000000  0.000000  1.000000
 0.372093  0.046512  0.372093  0.209302
 0.232558  0.209302  0.488372  0.069767
 0.604651  0.279070  0.116279  0.000000
 0.534884  0.046512  0.279070  0.139535
 0.953488  0.000000  0.023256  0.023256
 0.000000  0.976744  0.000000  0.023256
 0.395349  0.069767  0.279070  0.255814
 0.046512  0.069767  0.837209  0.046512
 0.000000  0.069767  0.000000  0.930233
 0.325581  0.093023  0.139535  0.441860
 0.046512  0.302326  0.069767  0.581395
 0.000000  0.069767  0.000000  0.930233


MOTIF 4 MEME-2

letter-probability matrix: alength= 4 w= 29 nsites= 46 E= 1.2e-003
 0.934783  0.021739  0.043478  0.000000
 0.000000  0.000000  0.000000  1.000000
 0.282609  0.304348  0.021739  0.391304
 0.391304  0.000000  0.565217  0.043478
 0.847826  0.021739  0.021739  0.108696
 0.456522  0.065217  0.195652  0.282609
 0.717391  0.021739  0.239130  0.021739
 0.891304  0.043478  0.043478  0.021739
 0.217391  0.130435  0.065217  0.586957
 0.413043  0.108696  0.326087  0.152174
 0.673913  0.173913  0.021739  0.130435
 0.391304  0.043478  0.369565  0.195652
 0.239130  0.239130  0.521739  0.000000
 0.434783  0.086957  0.065217  0.413043
 0.282609  0.086957  0.239130  0.391304
 0.086957  0.782609  0.065217  0.065217
 0.108696  0.804348  0.021739  0.065217
 0.478261  0.086957  0.239130  0.195652
 0.000000  1.000000  0.000000  0.000000
 1.000000  0.000000  0.000000  0.000000
 0.000000  0.152174  0.000000  0.847826
 0.608696  0.369565  0.021739  0.000000
 0.500000  0.000000  0.500000  0.000000
 0.347826  0.130435  0.130435  0.391304
 0.000000  0.000000  0.869565  0.130435
 0.000000  1.000000  0.000000  0.000000
 0.391304  0.086957  0.130435  0.391304
 0.043478  0.347826  0.065217  0.543478
 0.086957  0.000000  0.000000  0.913043


MOTIF 5 MEME-5

letter-probability matrix: alength= 4 w= 26 nsites= 42 E= 3.7e-002
 0.095238  0.000000  0.904762  0.000000
 1.000000  0.000000  0.000000  0.000000
 0.000000  0.047619  0.000000  0.952381
 0.023810  0.000000  0.880952  0.095238
 0.071429  0.880952  0.000000  0.047619
 0.380952  0.071429  0.214286  0.333333
 0.714286  0.166667  0.047619  0.071429
 0.595238  0.095238  0.238095  0.071429
 0.357143  0.000000  0.523810  0.119048
 0.071429  0.095238  0.714286  0.119048
 0.071429  0.595238  0.119048  0.214286
 0.309524  0.119048  0.214286  0.357143
 0.880952  0.023810  0.047619  0.047619
 0.071429  0.619048  0.095238  0.214286
 0.261905  0.023810  0.380952  0.333333
 0.214286  0.166667  0.023810  0.595238
 0.309524  0.000000  0.047619  0.642857
 0.047619  0.238095  0.333333  0.380952
 0.261905  0.047619  0.571429  0.119048
 0.738095  0.119048  0.071429  0.071429
 0.404762  0.071429  0.380952  0.142857
 0.000000  0.380952  0.000000  0.619048
 0.000000  0.000000  0.000000  1.000000
 0.357143  0.071429  0.357143  0.214286
 0.095238  0.023810  0.738095  0.142857
 0.023810  0.857143  0.000000  0.119048


MOTIF 6 MEME-5

letter-probability matrix: alength= 4 w= 8 nsites= 22 E= 2.7e-001
 0.000000  0.000000  0.772727  0.227273
 0.000000  0.000000  0.772727  0.227273
 0.000000  1.000000  0.000000  0.000000
 0.000000  0.000000  0.000000  1.000000
 0.000000  0.000000  0.090909  0.909091
 0.000000  0.045455  0.000000  0.954545
 0.000000  0.000000  0.000000  1.000000
 0.000000  0.000000  0.045455  0.954545


MOTIF 7 MEME-6

letter-probability matrix: alength= 4 w= 25 nsites= 37 E= 2.7e-001
 0.054054  0.000000  0.000000  0.945946
 0.513514  0.054054  0.324324  0.108108
 0.675676  0.297297  0.000000  0.027027
 0.054054  0.000000  0.000000  0.945946
 0.162162  0.000000  0.675676  0.162162
 0.270270  0.513514  0.162162  0.054054
 0.216216  0.540541  0.189189  0.054054
 0.540541  0.000000  0.351351  0.108108
 0.405405  0.054054  0.135135  0.405405
 0.135135  0.054054  0.000000  0.810811
 0.216216  0.081081  0.135135  0.567568
 0.135135  0.000000  0.837838  0.027027
 0.000000  0.162162  0.000000  0.837838
 0.405405  0.135135  0.162162  0.297297
 0.945946  0.054054  0.000000  0.000000
 0.891892  0.000000  0.000000  0.108108
 0.729730  0.000000  0.270270  0.000000
 0.891892  0.081081  0.027027  0.000000
 0.810811  0.027027  0.162162  0.000000
 0.486486  0.000000  0.378378  0.135135
 0.189189  0.081081  0.648649  0.081081
 0.594595  0.297297  0.000000  0.108108
 0.324324  0.108108  0.270270  0.297297
 0.648649  0.081081  0.189189  0.081081
 0.918919  0.000000  0.054054  0.027027
