MEME version 5.5.3

ALPHABET= ACGT

strands: +

Background letter frequencies (from ../bac_arc_db_07112023_CRISPRDetect3_default_08042023_new_ref_200bp_no_repeat_triple_annotation_cleaned_above_200bp_IE_Deinococcota_currated_uclust_75_bg.txt):
 A 0.213 C 0.287 G 0.287 T 0.213

MOTIF 1 MEME-2

letter-probability matrix: alength= 4 w= 10 nsites= 17 E= 7.6e-001
 1.000000  0.000000  0.000000  0.000000
 0.352941  0.000000  0.411765  0.235294
 0.823529  0.000000  0.058824  0.117647
 0.000000  0.823529  0.176471  0.000000
 0.823529  0.000000  0.176471  0.000000
 0.000000  1.000000  0.000000  0.000000
 0.882353  0.000000  0.058824  0.058824
 0.000000  0.000000  0.000000  1.000000
 0.941176  0.058824  0.000000  0.000000
 0.294118  0.000000  0.705882  0.000000


MOTIF 2 MEME-4

letter-probability matrix: alength= 4 w= 7 nsites= 18 E= 1.6e-001
 0.000000  0.111111  0.888889  0.000000
 0.055556  0.000000  0.944444  0.000000
 0.000000  0.000000  0.000000  1.000000
 0.000000  1.000000  0.000000  0.000000
 0.777778  0.000000  0.000000  0.222222
 0.444444  0.000000  0.000000  0.555556
 0.000000  0.000000  1.000000  0.000000


MOTIF 3 MEME-1

letter-probability matrix: alength= 4 w= 23 nsites= 42 E= 5.3e-003
 0.071429  0.285714  0.642857  0.000000
 0.047619  0.333333  0.476190  0.142857
 0.142857  0.095238  0.690476  0.071429
 0.142857  0.214286  0.547619  0.095238
 0.238095  0.190476  0.214286  0.357143
 0.238095  0.404762  0.238095  0.119048
 0.404762  0.333333  0.166667  0.095238
 0.095238  0.285714  0.571429  0.047619
 0.071429  0.523810  0.261905  0.142857
 0.142857  0.285714  0.452381  0.119048
 0.142857  0.095238  0.761905  0.000000
 0.357143  0.000000  0.642857  0.000000
 0.095238  0.071429  0.833333  0.000000
 0.166667  0.023810  0.809524  0.000000
 0.500000  0.166667  0.000000  0.333333
 0.047619  0.214286  0.023810  0.714286
 0.071429  0.404762  0.071429  0.452381
 0.071429  0.000000  0.023810  0.904762
 0.000000  0.095238  0.119048  0.785714
 0.000000  0.119048  0.857143  0.023810
 0.500000  0.380952  0.119048  0.000000
 0.119048  0.714286  0.000000  0.166667
 0.547619  0.000000  0.452381  0.000000


MOTIF 4 MEME-3

letter-probability matrix: alength= 4 w= 6 nsites= 23 E= 7.0e-001
 0.000000  0.000000  0.000000  1.000000
 1.000000  0.000000  0.000000  0.000000
 0.130435  0.000000  0.347826  0.521739
 0.826087  0.000000  0.173913  0.000000
 0.000000  0.521739  0.478261  0.000000
 0.000000  0.000000  0.000000  1.000000
