MEME version 5.5.3

ALPHABET= ACGT

strands: +

Background letter frequencies (from ../bac_arc_db_07112023_CRISPRDetect3_default_08042023_new_ref_200bp_no_repeat_triple_annotation_cleaned_above_200bp_IE_Pseudomonadota_currated_uclust_60_bg.txt):
 A 0.260 C 0.240 G 0.240 T 0.260

MOTIF 1 MEME-5

letter-probability matrix: alength= 4 w= 28 nsites= 32 E= 3.5e-002
 0.656250  0.062500  0.281250  0.000000
 0.343750  0.093750  0.531250  0.031250
 0.000000  0.187500  0.812500  0.000000
 0.062500  0.250000  0.687500  0.000000
 0.375000  0.531250  0.031250  0.062500
 0.468750  0.000000  0.187500  0.343750
 0.125000  0.375000  0.406250  0.093750
 0.000000  0.406250  0.187500  0.406250
 0.406250  0.218750  0.375000  0.000000
 0.000000  0.187500  0.031250  0.781250
 0.093750  0.500000  0.250000  0.156250
 0.125000  0.062500  0.812500  0.000000
 0.187500  0.062500  0.031250  0.718750
 0.125000  0.375000  0.281250  0.218750
 0.812500  0.125000  0.000000  0.062500
 0.031250  0.031250  0.000000  0.937500
 0.000000  0.062500  0.812500  0.125000
 0.375000  0.093750  0.531250  0.000000
 0.093750  0.250000  0.031250  0.625000
 0.062500  0.625000  0.187500  0.125000
 0.031250  0.000000  0.062500  0.906250
 0.031250  0.000000  0.968750  0.000000
 0.031250  0.062500  0.875000  0.031250
 0.187500  0.468750  0.343750  0.000000
 0.343750  0.187500  0.375000  0.093750
 0.406250  0.250000  0.187500  0.156250
 0.062500  0.093750  0.718750  0.125000
 0.750000  0.156250  0.062500  0.031250


MOTIF 2 MEME-8

letter-probability matrix: alength= 4 w= 17 nsites= 47 E= 3.6e-002
 0.000000  0.617021  0.191489  0.191489
 0.574468  0.276596  0.000000  0.148936
 0.021277  0.255319  0.489362  0.234043
 0.063830  0.893617  0.042553  0.000000
 0.170213  0.000000  0.723404  0.106383
 0.212766  0.510638  0.191489  0.085106
 0.085106  0.914894  0.000000  0.000000
 0.574468  0.127660  0.000000  0.297872
 0.000000  0.042553  0.617021  0.340426
 0.276596  0.255319  0.361702  0.106383
 0.212766  0.319149  0.148936  0.319149
 0.021277  0.106383  0.723404  0.148936
 0.000000  1.000000  0.000000  0.000000
 0.170213  0.127660  0.702128  0.000000
 0.021277  0.553191  0.255319  0.170213
 0.000000  0.425532  0.489362  0.085106
 0.765957  0.000000  0.234043  0.000000


MOTIF 3 MEME-7

letter-probability matrix: alength= 4 w= 34 nsites= 41 E= 7.6e-001
 0.097561  0.219512  0.634146  0.048780
 0.268293  0.170732  0.414634  0.146341
 0.048780  0.390244  0.243902  0.317073
 0.414634  0.195122  0.390244  0.000000
 0.170732  0.219512  0.390244  0.219512
 0.195122  0.487805  0.243902  0.073171
 0.024390  0.463415  0.390244  0.121951
 0.268293  0.195122  0.243902  0.292683
 0.000000  0.463415  0.487805  0.048780
 0.000000  0.195122  0.804878  0.000000
 0.195122  0.000000  0.634146  0.170732
 0.073171  0.341463  0.219512  0.365854
 0.073171  0.463415  0.390244  0.073171
 0.390244  0.195122  0.146341  0.268293
 0.000000  0.048780  0.731707  0.219512
 0.048780  0.609756  0.292683  0.048780
 0.414634  0.195122  0.268293  0.121951
 0.097561  0.073171  0.439024  0.390244
 0.097561  0.219512  0.682927  0.000000
 0.268293  0.219512  0.170732  0.341463
 0.048780  0.292683  0.463415  0.195122
 0.317073  0.146341  0.536585  0.000000
 0.146341  0.439024  0.097561  0.317073
 0.000000  0.121951  0.585366  0.292683
 0.000000  0.536585  0.414634  0.048780
 0.170732  0.317073  0.121951  0.390244
 0.146341  0.000000  0.804878  0.048780
 0.121951  0.170732  0.390244  0.317073
 0.121951  0.146341  0.341463  0.390244
 0.000000  0.292683  0.682927  0.024390
 0.146341  0.560976  0.292683  0.000000
 0.121951  0.097561  0.292683  0.487805
 0.000000  0.073171  0.804878  0.121951
 0.048780  0.146341  0.804878  0.000000


MOTIF 4 MEME-7

letter-probability matrix: alength= 4 w= 12 nsites= 96 E= 5.4e-013
 0.020833  0.000000  0.968750  0.010417
 0.125000  0.541667  0.010417  0.322917
 0.000000  0.000000  0.000000  1.000000
 0.000000  1.000000  0.000000  0.000000
 0.031250  0.041667  0.010417  0.916667
 0.000000  0.000000  0.000000  1.000000
 0.000000  0.000000  0.000000  1.000000
 0.718750  0.010417  0.250000  0.020833
 1.000000  0.000000  0.000000  0.000000
 0.239583  0.645833  0.010417  0.104167
 1.000000  0.000000  0.000000  0.000000
 0.885417  0.000000  0.020833  0.093750


MOTIF 5 MEME-7

letter-probability matrix: alength= 4 w= 34 nsites= 54 E= 5.3e-006
 0.000000  0.000000  1.000000  0.000000
 0.166667  0.407407  0.129630  0.296296
 0.000000  0.074074  0.074074  0.851852
 0.277778  0.000000  0.000000  0.722222
 0.000000  0.481481  0.000000  0.518519
 0.000000  0.037037  0.944444  0.018519
 0.833333  0.055556  0.092593  0.018519
 0.148148  0.351852  0.277778  0.222222
 0.185185  0.037037  0.018519  0.759259
 0.000000  0.000000  0.000000  1.000000
 0.074074  0.518519  0.055556  0.351852
 0.203704  0.500000  0.296296  0.000000
 0.574074  0.092593  0.166667  0.166667
 0.351852  0.259259  0.351852  0.037037
 0.981481  0.000000  0.000000  0.018519
 0.018519  0.962963  0.000000  0.018519
 0.074074  0.537037  0.296296  0.092593
 0.129630  0.333333  0.092593  0.444444
 0.092593  0.074074  0.148148  0.685185
 0.092593  0.333333  0.370370  0.203704
 0.000000  0.000000  1.000000  0.000000
 0.000000  0.000000  0.981481  0.018519
 0.148148  0.407407  0.111111  0.333333
 0.259259  0.277778  0.462963  0.000000
 0.462963  0.296296  0.129630  0.111111
 0.333333  0.277778  0.296296  0.092593
 0.759259  0.222222  0.018519  0.000000
 0.703704  0.240741  0.037037  0.018519
 0.055556  0.500000  0.037037  0.407407
 0.166667  0.796296  0.037037  0.000000
 0.074074  0.129630  0.796296  0.000000
 0.333333  0.277778  0.259259  0.129630
 0.296296  0.703704  0.000000  0.000000
 0.148148  0.000000  0.851852  0.000000


MOTIF 6 MEME-7

letter-probability matrix: alength= 4 w= 11 nsites= 29 E= 3.2e-002
 0.000000  0.551724  0.448276  0.000000
 0.137931  0.000000  0.655172  0.206897
 0.034483  0.000000  0.896552  0.068966
 1.000000  0.000000  0.000000  0.000000
 0.620690  0.000000  0.000000  0.379310
 0.448276  0.000000  0.551724  0.000000
 0.827586  0.000000  0.000000  0.172414
 0.896552  0.103448  0.000000  0.000000
 0.000000  0.931034  0.000000  0.068966
 0.000000  0.965517  0.000000  0.034483
 0.000000  0.000000  1.000000  0.000000


MOTIF 7 MEME-2

letter-probability matrix: alength= 4 w= 25 nsites= 178 E= 9.6e-027
 0.269663  0.039326  0.000000  0.691011
 0.123596  0.000000  0.073034  0.803371
 0.353933  0.050562  0.134831  0.460674
 0.359551  0.061798  0.146067  0.432584
 0.696629  0.022472  0.129213  0.151685
 0.702247  0.000000  0.140449  0.157303
 0.842697  0.000000  0.005618  0.151685
 0.393258  0.000000  0.000000  0.606742
 0.000000  0.960674  0.000000  0.039326
 1.000000  0.000000  0.000000  0.000000
 0.702247  0.000000  0.241573  0.056180
 0.174157  0.123596  0.129213  0.573034
 0.224719  0.151685  0.286517  0.337079
 0.404494  0.011236  0.516854  0.067416
 0.061798  0.174157  0.539326  0.224719
 0.252809  0.095506  0.044944  0.606742
 0.011236  0.000000  0.000000  0.988764
 0.752809  0.067416  0.168539  0.011236
 0.140449  0.342697  0.129213  0.387640
 0.471910  0.050562  0.247191  0.230337
 0.264045  0.112360  0.213483  0.410112
 0.067416  0.084270  0.179775  0.668539
 0.342697  0.022472  0.005618  0.629213
 0.758427  0.028090  0.129213  0.084270
 0.022472  0.039326  0.865169  0.073034


MOTIF 8 MEME-2

letter-probability matrix: alength= 4 w= 29 nsites= 219 E= 7.6e-029
 0.018265  0.365297  0.073059  0.543379
 0.000000  0.570776  0.004566  0.424658
 0.045662  0.077626  0.835616  0.041096
 0.086758  0.000000  0.913242  0.000000
 0.000000  0.063927  0.000000  0.936073
 0.525114  0.141553  0.296804  0.036530
 0.063927  0.000000  0.926941  0.009132
 0.890411  0.036530  0.041096  0.031963
 0.401826  0.068493  0.041096  0.488584
 0.109589  0.100457  0.036530  0.753425
 0.068493  0.063927  0.086758  0.780822
 0.063927  0.178082  0.123288  0.634703
 0.095890  0.059361  0.442922  0.401826
 0.497717  0.114155  0.205479  0.182648
 0.187215  0.287671  0.255708  0.269406
 0.214612  0.105023  0.575342  0.105023
 0.073059  0.150685  0.621005  0.155251
 0.187215  0.260274  0.369863  0.182648
 0.054795  0.369863  0.260274  0.315068
 0.059361  0.173516  0.168950  0.598174
 0.237443  0.054795  0.452055  0.255708
 0.525114  0.168950  0.127854  0.178082
 0.470320  0.018265  0.196347  0.315068
 0.433790  0.013699  0.168950  0.383562
 0.237443  0.187215  0.027397  0.547945
 0.223744  0.009132  0.009132  0.757991
 0.210046  0.205479  0.319635  0.264840
 0.077626  0.123288  0.420091  0.378995
 0.095890  0.210046  0.091324  0.602740
