MEME version 5.5.3

ALPHABET= ACGT

strands: +

Background letter frequencies (from ../bac_arc_db_07112023_CRISPRDetect3_default_08042023_new_ref_200bp_no_repeat_triple_annotation_cleaned_above_200bp_IE_Spirochaetota_currated_uclust_75_bg.txt):
 A 0.312 C 0.188 G 0.188 T 0.312

MOTIF 1 MEME-1

letter-probability matrix: alength= 4 w= 14 nsites= 34 E= 3.1e-002
 0.588235  0.000000  0.205882  0.205882
 0.647059  0.000000  0.205882  0.147059
 0.529412  0.029412  0.294118  0.147059
 0.000000  0.411765  0.000000  0.588235
 0.264706  0.500000  0.000000  0.235294
 0.117647  0.794118  0.029412  0.058824
 0.235294  0.000000  0.147059  0.617647
 1.000000  0.000000  0.000000  0.000000
 0.323529  0.000000  0.088235  0.588235
 0.676471  0.088235  0.058824  0.176471
 0.117647  0.794118  0.000000  0.088235
 0.382353  0.176471  0.176471  0.264706
 0.676471  0.000000  0.264706  0.058824
 0.823529  0.000000  0.176471  0.000000


MOTIF 2 MEME-2

letter-probability matrix: alength= 4 w= 19 nsites= 14 E= 3.0e-001
 0.142857  0.857143  0.000000  0.000000
 0.000000  0.857143  0.142857  0.000000
 0.214286  0.000000  0.000000  0.785714
 0.000000  0.285714  0.071429  0.642857
 0.071429  0.642857  0.000000  0.285714
 0.000000  0.142857  0.571429  0.285714
 0.000000  0.000000  0.071429  0.928571
 0.142857  0.071429  0.000000  0.785714
 0.071429  0.857143  0.000000  0.071429
 0.000000  0.000000  0.071429  0.928571
 0.214286  0.714286  0.000000  0.071429
 0.000000  0.071429  0.071429  0.857143
 0.571429  0.071429  0.000000  0.357143
 1.000000  0.000000  0.000000  0.000000
 0.000000  0.214286  0.785714  0.000000
 0.357143  0.071429  0.500000  0.071429
 0.785714  0.000000  0.000000  0.214286
 0.142857  0.214286  0.000000  0.642857
 0.000000  0.857143  0.000000  0.142857
