MEME version 5.5.3

ALPHABET= ACGT

strands: +

Background letter frequencies (from ../bac_arc_db_07112023_CRISPRDetect3_default_08042023_new_ref_200bp_no_repeat_triple_annotation_cleaned_above_200bp_IE_Thermodesulfobacteriota_currated_uclust_75_bg.txt):
 A 0.254 C 0.246 G 0.246 T 0.254

MOTIF 1 MEME-3

letter-probability matrix: alength= 4 w= 6 nsites= 26 E= 2.9e-001
 1.000000  0.000000  0.000000  0.000000
 0.000000  0.000000  1.000000  0.000000
 0.000000  0.769231  0.230769  0.000000
 1.000000  0.000000  0.000000  0.000000
 0.692308  0.076923  0.230769  0.000000
 0.230769  0.000000  0.769231  0.000000


MOTIF 2 MEME-1

letter-probability matrix: alength= 4 w= 6 nsites= 78 E= 1.4e-001
 0.000000  0.666667  0.012821  0.320513
 0.000000  0.602564  0.000000  0.397436
 0.000000  0.000000  1.000000  0.000000
 0.000000  0.000000  1.000000  0.000000
 0.217949  0.179487  0.000000  0.602564
 0.128205  0.000000  0.628205  0.243590


MOTIF 3 MEME-1

letter-probability matrix: alength= 4 w= 14 nsites= 28 E= 4.4e-001
 0.178571  0.000000  0.821429  0.000000
 0.857143  0.000000  0.142857  0.000000
 0.142857  0.000000  0.321429  0.535714
 0.178571  0.000000  0.000000  0.821429
 0.000000  0.000000  0.035714  0.964286
 0.035714  0.357143  0.357143  0.250000
 0.142857  0.000000  0.821429  0.035714
 0.714286  0.000000  0.071429  0.214286
 0.250000  0.357143  0.214286  0.178571
 0.000000  0.000000  0.642857  0.357143
 0.321429  0.071429  0.428571  0.178571
 0.285714  0.071429  0.178571  0.464286
 0.214286  0.250000  0.250000  0.285714
 0.000000  0.000000  0.000000  1.000000
