MEME version 5.5.3

ALPHABET= ACGT

strands: +

Background letter frequencies (from ../bac_arc_db_07112023_CRISPRDetect3_default_08042023_new_ref_200bp_no_repeat_triple_annotation_cleaned_above_200bp_IF_Pseudomonadota_currated_uclust_60_bg.txt):
 A 0.297 C 0.203 G 0.203 T 0.297

MOTIF 1 MEME-3

letter-probability matrix: alength= 4 w= 9 nsites= 183 E= 5.7e-032
 0.934426  0.000000  0.016393  0.049180
 0.978142  0.000000  0.010929  0.010929
 0.989071  0.000000  0.005464  0.005464
 0.814208  0.000000  0.131148  0.054645
 0.967213  0.000000  0.010929  0.021858
 0.114754  0.000000  0.885246  0.000000
 0.000000  0.000000  1.000000  0.000000
 0.000000  0.000000  1.000000  0.000000
 0.005464  0.000000  0.125683  0.868852


MOTIF 2 MEME-2

letter-probability matrix: alength= 4 w= 12 nsites= 206 E= 4.2e-039
 0.956311  0.038835  0.000000  0.004854
 0.014563  0.980583  0.004854  0.000000
 0.000000  1.000000  0.000000  0.000000
 0.000000  0.966019  0.000000  0.033981
 0.004854  0.000000  0.000000  0.995146
 0.043689  0.116505  0.004854  0.834951
 0.043689  0.000000  0.000000  0.956311
 0.121359  0.000000  0.004854  0.873786
 0.000000  0.009709  0.000000  0.990291
 0.029126  0.072816  0.000000  0.898058
 0.106796  0.174757  0.038835  0.679612
 0.131068  0.155340  0.213592  0.500000


MOTIF 3 MEME-2

letter-probability matrix: alength= 4 w= 26 nsites= 24 E= 2.5e-001
 0.875000  0.041667  0.000000  0.083333
 0.416667  0.250000  0.125000  0.208333
 0.458333  0.208333  0.291667  0.041667
 0.125000  0.583333  0.041667  0.250000
 0.000000  0.583333  0.041667  0.375000
 0.000000  0.041667  0.000000  0.958333
 0.000000  0.125000  0.083333  0.791667
 0.083333  0.125000  0.625000  0.166667
 0.208333  0.541667  0.250000  0.000000
 0.125000  0.083333  0.000000  0.791667
 0.416667  0.291667  0.166667  0.125000
 0.000000  0.125000  0.166667  0.708333
 0.666667  0.041667  0.125000  0.166667
 0.666667  0.000000  0.166667  0.166667
 0.208333  0.541667  0.250000  0.000000
 0.166667  0.000000  0.250000  0.583333
 0.083333  0.083333  0.416667  0.416667
 0.166667  0.416667  0.375000  0.041667
 0.000000  0.250000  0.375000  0.375000
 0.125000  0.083333  0.166667  0.625000
 0.000000  0.083333  0.250000  0.666667
 0.041667  0.000000  0.000000  0.958333
 0.000000  0.000000  0.000000  1.000000
 0.208333  0.041667  0.125000  0.625000
 0.000000  0.250000  0.000000  0.750000
 0.333333  0.000000  0.625000  0.041667


MOTIF 4 MEME-2

letter-probability matrix: alength= 4 w= 19 nsites= 60 E= 1.4e-003
 0.100000  0.600000  0.200000  0.100000
 0.066667  0.766667  0.133333  0.033333
 0.000000  0.083333  0.300000  0.616667
 0.300000  0.000000  0.616667  0.083333
 0.166667  0.183333  0.050000  0.600000
 0.416667  0.116667  0.333333  0.133333
 0.133333  0.766667  0.050000  0.050000
 0.000000  0.200000  0.716667  0.083333
 0.166667  0.050000  0.683333  0.100000
 0.100000  0.800000  0.000000  0.100000
 0.783333  0.183333  0.033333  0.000000
 0.016667  0.000000  0.700000  0.283333
 0.000000  0.466667  0.000000  0.533333
 0.133333  0.133333  0.500000  0.233333
 0.550000  0.100000  0.133333  0.216667
 0.750000  0.000000  0.000000  0.250000
 0.083333  0.516667  0.266667  0.133333
 0.366667  0.066667  0.550000  0.016667
 0.250000  0.516667  0.150000  0.083333


MOTIF 5 MEME-2

letter-probability matrix: alength= 4 w= 19 nsites= 71 E= 1.3e-014
 0.014085  0.845070  0.112676  0.028169
 0.154930  0.380282  0.281690  0.183099
 0.901408  0.000000  0.056338  0.042254
 0.014085  0.845070  0.112676  0.028169
 0.098592  0.521127  0.253521  0.126761
 0.366197  0.000000  0.633803  0.000000
 0.000000  0.000000  0.000000  1.000000
 0.281690  0.253521  0.211268  0.253521
 0.000000  0.985915  0.014085  0.000000
 0.000000  1.000000  0.000000  0.000000
 0.042254  0.492958  0.239437  0.225352
 0.070423  0.070423  0.028169  0.830986
 0.112676  0.000000  0.845070  0.042254
 0.014085  0.028169  0.901408  0.056338
 0.000000  0.000000  0.000000  1.000000
 0.000000  0.000000  0.000000  1.000000
 0.000000  0.464789  0.000000  0.535211
 0.000000  0.000000  0.014085  0.985915
 0.394366  0.000000  0.605634  0.000000


MOTIF 6 MEME-8

letter-probability matrix: alength= 4 w= 32 nsites= 21 E= 2.7e-001
 0.000000  0.000000  0.904762  0.095238
 0.000000  1.000000  0.000000  0.000000
 0.142857  0.142857  0.285714  0.428571
 0.619048  0.000000  0.095238  0.285714
 0.095238  0.809524  0.095238  0.000000
 0.380952  0.095238  0.238095  0.285714
 0.761905  0.190476  0.047619  0.000000
 0.761905  0.142857  0.095238  0.000000
 0.095238  0.095238  0.095238  0.714286
 0.095238  0.571429  0.285714  0.047619
 0.809524  0.000000  0.190476  0.000000
 0.428571  0.142857  0.428571  0.000000
 0.190476  0.190476  0.333333  0.285714
 0.523810  0.142857  0.095238  0.238095
 0.714286  0.000000  0.285714  0.000000
 0.285714  0.142857  0.095238  0.476190
 0.476190  0.000000  0.190476  0.333333
 0.190476  0.238095  0.190476  0.380952
 0.761905  0.190476  0.047619  0.000000
 0.333333  0.047619  0.523810  0.095238
 0.476190  0.142857  0.095238  0.285714
 0.000000  0.000000  0.952381  0.047619
 0.000000  0.095238  0.904762  0.000000
 0.476190  0.190476  0.285714  0.047619
 0.809524  0.000000  0.095238  0.095238
 0.000000  0.809524  0.047619  0.142857
 0.476190  0.047619  0.095238  0.380952
 0.047619  0.000000  0.952381  0.000000
 0.095238  0.095238  0.000000  0.809524
 0.333333  0.095238  0.285714  0.285714
 0.000000  0.857143  0.047619  0.095238
 0.000000  0.809524  0.095238  0.095238


MOTIF 7 MEME-8

letter-probability matrix: alength= 4 w= 12 nsites= 60 E= 3.8e-012
 0.150000  0.000000  0.800000  0.050000
 0.083333  0.733333  0.000000  0.183333
 0.000000  0.000000  0.000000  1.000000
 0.066667  0.933333  0.000000  0.000000
 0.083333  0.000000  0.000000  0.916667
 0.000000  0.000000  0.000000  1.000000
 0.000000  0.000000  0.000000  1.000000
 0.950000  0.000000  0.000000  0.050000
 1.000000  0.000000  0.000000  0.000000
 0.700000  0.200000  0.000000  0.100000
 1.000000  0.000000  0.000000  0.000000
 1.000000  0.000000  0.000000  0.000000


MOTIF 8 MEME-4

letter-probability matrix: alength= 4 w= 14 nsites= 118 E= 3.0e-022
 0.000000  0.050847  0.000000  0.949153
 0.949153  0.016949  0.000000  0.033898
 0.923729  0.000000  0.000000  0.076271
 0.042373  0.576271  0.262712  0.118644
 0.033898  0.220339  0.084746  0.661017
 0.118644  0.211864  0.084746  0.584746
 0.686441  0.025424  0.152542  0.135593
 0.000000  0.000000  0.000000  1.000000
 0.000000  0.000000  0.000000  1.000000
 0.000000  0.000000  0.983051  0.016949
 0.813559  0.000000  0.016949  0.169492
 0.000000  0.000000  0.008475  0.991525
 0.084746  0.000000  0.101695  0.813559
 0.016949  0.000000  0.008475  0.974576


MOTIF 9 MEME-5

letter-probability matrix: alength= 4 w= 16 nsites= 98 E= 8.5e-016
 0.020408  0.040816  0.000000  0.938776
 0.030612  0.010204  0.010204  0.948980
 0.000000  0.469388  0.000000  0.530612
 0.755102  0.000000  0.102041  0.142857
 0.551020  0.102041  0.346939  0.000000
 0.051020  0.500000  0.020408  0.428571
 0.469388  0.153061  0.255102  0.122449
 0.112245  0.428571  0.448980  0.010204
 0.071429  0.540816  0.030612  0.357143
 0.010204  0.010204  0.010204  0.969388
 0.979592  0.000000  0.000000  0.020408
 0.000000  0.428571  0.000000  0.571429
 0.000000  0.000000  1.000000  0.000000
 0.000000  0.010204  0.989796  0.000000
 0.224490  0.397959  0.234694  0.142857
 0.010204  0.540816  0.000000  0.448980


MOTIF 10 MEME-1

letter-probability matrix: alength= 4 w= 20 nsites= 302 E= 2.9e-052
 0.102649  0.486755  0.129139  0.281457
 0.135762  0.274834  0.099338  0.490066
 0.324503  0.076159  0.000000  0.599338
 0.188742  0.026490  0.149007  0.635762
 0.374172  0.059603  0.109272  0.456954
 0.652318  0.033113  0.062914  0.251656
 0.758278  0.072848  0.062914  0.105960
 0.867550  0.019868  0.019868  0.092715
 0.877483  0.013245  0.016556  0.092715
 0.245033  0.000000  0.003311  0.751656
 0.009934  0.947020  0.000000  0.043046
 0.990066  0.000000  0.000000  0.009934
 0.685430  0.000000  0.258278  0.056291
 0.201987  0.132450  0.132450  0.533113
 0.321192  0.142384  0.370861  0.165563
 0.456954  0.066225  0.364238  0.112583
 0.112583  0.258278  0.559603  0.069536
 0.056291  0.052980  0.013245  0.877483
 0.009934  0.000000  0.000000  0.990066
 0.824503  0.003311  0.165563  0.006623
