MEME version 5.5.3

ALPHABET= ACGT

strands: +

Background letter frequencies (from ../bac_arc_db_07112023_CRISPRDetect3_default_08042023_new_ref_200bp_no_repeat_triple_annotation_cleaned_above_200bp_IG_Actinomycetota_currated_uclust_75_bg.txt):
 A 0.205 C 0.295 G 0.295 T 0.205

MOTIF 1 MEME-2

letter-probability matrix: alength= 4 w= 22 nsites= 26 E= 6.7e-001
 0.000000  0.884615  0.115385  0.000000
 0.538462  0.000000  0.346154  0.115385
 0.115385  0.307692  0.076923  0.500000
 0.153846  0.538462  0.192308  0.115385
 0.192308  0.192308  0.615385  0.000000
 0.230769  0.653846  0.115385  0.000000
 0.076923  0.730769  0.192308  0.000000
 0.461538  0.000000  0.538462  0.000000
 0.000000  0.461538  0.384615  0.153846
 0.346154  0.538462  0.115385  0.000000
 0.269231  0.500000  0.230769  0.000000
 0.192308  0.307692  0.000000  0.500000
 0.000000  0.807692  0.076923  0.115385
 0.153846  0.461538  0.384615  0.000000
 0.538462  0.000000  0.307692  0.153846
 0.076923  0.461538  0.384615  0.076923
 0.038462  0.884615  0.076923  0.000000
 0.653846  0.038462  0.000000  0.307692
 0.038462  0.538462  0.346154  0.076923
 0.500000  0.192308  0.000000  0.307692
 0.000000  0.384615  0.269231  0.346154
 0.000000  0.884615  0.115385  0.000000


MOTIF 2 MEME-6

letter-probability matrix: alength= 4 w= 10 nsites= 27 E= 5.6e-001
 0.000000  0.000000  0.444444  0.555556
 0.000000  0.703704  0.222222  0.074074
 0.592593  0.000000  0.407407  0.000000
 0.000000  1.000000  0.000000  0.000000
 0.111111  0.444444  0.333333  0.111111
 0.000000  0.000000  0.000000  1.000000
 0.000000  0.296296  0.703704  0.000000
 0.814815  0.000000  0.000000  0.185185
 0.000000  0.777778  0.000000  0.222222
 0.037037  0.000000  0.962963  0.000000


MOTIF 3 MEME-1

letter-probability matrix: alength= 4 w= 27 nsites= 45 E= 3.8e-003
 0.000000  0.488889  0.511111  0.000000
 0.022222  0.111111  0.777778  0.088889
 0.844444  0.000000  0.155556  0.000000
 0.088889  0.000000  0.844444  0.066667
 0.155556  0.822222  0.022222  0.000000
 0.022222  0.133333  0.844444  0.000000
 0.000000  0.911111  0.088889  0.000000
 0.000000  0.000000  0.088889  0.911111
 0.000000  0.911111  0.044444  0.044444
 0.022222  0.466667  0.488889  0.022222
 0.200000  0.488889  0.311111  0.000000
 0.244444  0.088889  0.622222  0.044444
 0.311111  0.177778  0.066667  0.444444
 0.266667  0.155556  0.577778  0.000000
 0.222222  0.288889  0.377778  0.111111
 0.133333  0.311111  0.177778  0.377778
 0.222222  0.222222  0.377778  0.177778
 0.133333  0.422222  0.177778  0.266667
 0.155556  0.311111  0.266667  0.266667
 0.088889  0.400000  0.311111  0.200000
 0.266667  0.111111  0.244444  0.377778
 0.488889  0.355556  0.088889  0.066667
 0.333333  0.177778  0.177778  0.311111
 0.333333  0.333333  0.111111  0.222222
 0.266667  0.311111  0.133333  0.288889
 0.044444  0.422222  0.333333  0.200000
 0.000000  0.666667  0.222222  0.111111


MOTIF 4 MEME-3

letter-probability matrix: alength= 4 w= 6 nsites= 49 E= 8.3e-001
 0.346939  0.000000  0.000000  0.653061
 0.510204  0.000000  0.489796  0.000000
 0.000000  0.000000  0.000000  1.000000
 0.387755  0.000000  0.000000  0.612245
 0.081633  0.000000  0.000000  0.918367
 0.081633  0.000000  0.000000  0.918367
