MEME version 5.5.3

ALPHABET= ACGT

strands: +

Background letter frequencies (from ../bac_arc_db_07112023_CRISPRDetect3_default_08042023_new_ref_200bp_no_repeat_triple_annotation_cleaned_above_200bp_IG_Bacillota_currated_uclust_75_bg.txt):
 A 0.207 C 0.293 G 0.293 T 0.207

MOTIF 1 MEME-1

letter-probability matrix: alength= 4 w= 18 nsites= 34 E= 5.1e-003
 0.029412  0.000000  0.735294  0.235294
 0.000000  0.411765  0.176471  0.411765
 0.117647  0.029412  0.500000  0.352941
 0.205882  0.764706  0.000000  0.029412
 0.000000  0.294118  0.705882  0.000000
 0.352941  0.441176  0.029412  0.176471
 0.029412  0.117647  0.852941  0.000000
 0.705882  0.117647  0.147059  0.029412
 0.411765  0.294118  0.000000  0.294118
 0.205882  0.441176  0.205882  0.147059
 0.235294  0.411765  0.176471  0.176471
 0.205882  0.029412  0.558824  0.205882
 0.000000  0.235294  0.764706  0.000000
 0.352941  0.000000  0.529412  0.117647
 0.264706  0.411765  0.147059  0.176471
 0.000000  0.235294  0.058824  0.705882
 0.205882  0.294118  0.000000  0.500000
 0.147059  0.029412  0.382353  0.441176
