MEME version 5.5.3

ALPHABET= ACGT

strands: +

Background letter frequencies (from ../bac_arc_db_07112023_CRISPRDetect3_default_08042023_new_ref_200bp_no_repeat_triple_annotation_cleaned_above_200bp_IIA_Bacillota_currated_uclust_75_bg.txt):
 A 0.339 C 0.161 G 0.161 T 0.339

MOTIF 1 MEME-5

letter-probability matrix: alength= 4 w= 16 nsites= 34 E= 1.6e-003
 0.764706  0.000000  0.205882  0.029412
 0.911765  0.000000  0.088235  0.000000
 0.941176  0.000000  0.029412  0.029412
 0.794118  0.000000  0.058824  0.147059
 0.647059  0.000000  0.000000  0.352941
 0.147059  0.000000  0.000000  0.852941
 0.411765  0.000000  0.029412  0.558824
 0.029412  0.117647  0.176471  0.676471
 0.088235  0.029412  0.088235  0.794118
 0.176471  0.647059  0.058824  0.117647
 0.000000  0.029412  0.088235  0.882353
 0.352941  0.205882  0.441176  0.000000
 0.058824  0.882353  0.058824  0.000000
 0.000000  0.000000  1.000000  0.000000
 0.970588  0.000000  0.000000  0.029412
 0.000000  0.000000  1.000000  0.000000


MOTIF 2 MEME-2

letter-probability matrix: alength= 4 w= 25 nsites= 41 E= 1.1e-005
 0.731707  0.024390  0.243902  0.000000
 0.000000  0.000000  0.000000  1.000000
 0.000000  0.000000  0.292683  0.707317
 0.853659  0.000000  0.146341  0.000000
 0.609756  0.000000  0.341463  0.048780
 0.878049  0.024390  0.000000  0.097561
 0.439024  0.000000  0.146341  0.414634
 0.170732  0.097561  0.121951  0.609756
 0.268293  0.121951  0.024390  0.585366
 0.146341  0.048780  0.121951  0.682927
 0.048780  0.000000  0.902439  0.048780
 0.756098  0.000000  0.170732  0.073171
 0.048780  0.048780  0.073171  0.829268
 0.097561  0.000000  0.390244  0.512195
 0.926829  0.000000  0.048780  0.024390
 0.243902  0.000000  0.268293  0.487805
 0.926829  0.000000  0.048780  0.024390
 0.902439  0.000000  0.048780  0.048780
 0.756098  0.024390  0.170732  0.048780
 0.634146  0.000000  0.121951  0.243902
 0.097561  0.243902  0.121951  0.536585
 0.780488  0.000000  0.195122  0.024390
 0.487805  0.048780  0.024390  0.439024
 0.000000  1.000000  0.000000  0.000000
 0.048780  0.024390  0.902439  0.024390


MOTIF 3 MEME-2

letter-probability matrix: alength= 4 w= 7 nsites= 45 E= 2.0e-002
 1.000000  0.000000  0.000000  0.000000
 0.000000  0.000000  0.000000  1.000000
 0.000000  0.000000  0.000000  1.000000
 0.000000  0.000000  0.000000  1.000000
 0.000000  0.000000  1.000000  0.000000
 1.000000  0.000000  0.000000  0.000000
 0.000000  0.000000  1.000000  0.000000


MOTIF 4 MEME-2

letter-probability matrix: alength= 4 w= 11 nsites= 18 E= 2.0e-001
 0.055556  0.944444  0.000000  0.000000
 1.000000  0.000000  0.000000  0.000000
 0.000000  1.000000  0.000000  0.000000
 0.000000  0.777778  0.000000  0.222222
 0.166667  0.166667  0.666667  0.000000
 0.388889  0.166667  0.111111  0.333333
 0.722222  0.277778  0.000000  0.000000
 0.000000  0.000000  0.000000  1.000000
 0.000000  0.611111  0.000000  0.388889
 0.111111  0.388889  0.500000  0.000000
 0.111111  0.055556  0.833333  0.000000


MOTIF 5 MEME-7

letter-probability matrix: alength= 4 w= 21 nsites= 28 E= 9.2e-002
 0.178571  0.357143  0.107143  0.357143
 0.214286  0.178571  0.250000  0.357143
 0.000000  0.178571  0.000000  0.821429
 0.464286  0.000000  0.107143  0.428571
 0.250000  0.500000  0.000000  0.250000
 0.000000  0.000000  0.000000  1.000000
 0.714286  0.250000  0.000000  0.035714
 0.642857  0.000000  0.178571  0.178571
 0.000000  0.035714  0.000000  0.964286
 0.250000  0.142857  0.035714  0.571429
 0.000000  0.000000  1.000000  0.000000
 1.000000  0.000000  0.000000  0.000000
 0.821429  0.107143  0.035714  0.035714
 0.035714  0.142857  0.000000  0.821429
 0.214286  0.071429  0.000000  0.714286
 0.142857  0.714286  0.000000  0.142857
 0.607143  0.000000  0.107143  0.285714
 0.071429  0.821429  0.000000  0.107143
 0.750000  0.000000  0.178571  0.071429
 0.000000  0.071429  0.821429  0.107143
 0.785714  0.142857  0.071429  0.000000


MOTIF 6 MEME-19

letter-probability matrix: alength= 4 w= 9 nsites= 19 E= 3.4e-001
 0.000000  0.052632  0.000000  0.947368
 0.842105  0.000000  0.000000  0.157895
 0.105263  0.000000  0.000000  0.894737
 0.157895  0.000000  0.842105  0.000000
 0.000000  0.000000  1.000000  0.000000
 0.736842  0.000000  0.000000  0.263158
 0.894737  0.000000  0.105263  0.000000
 0.789474  0.000000  0.210526  0.000000
 0.000000  0.684211  0.000000  0.315789


MOTIF 7 MEME-6

letter-probability matrix: alength= 4 w= 10 nsites= 30 E= 2.0e-002
 0.000000  0.000000  0.000000  1.000000
 0.500000  0.333333  0.000000  0.166667
 0.000000  0.000000  1.000000  0.000000
 0.000000  1.000000  0.000000  0.000000
 0.000000  0.266667  0.166667  0.566667
 0.400000  0.566667  0.000000  0.033333
 0.733333  0.066667  0.000000  0.200000
 0.000000  0.000000  0.000000  1.000000
 0.000000  0.000000  0.000000  1.000000
 0.666667  0.000000  0.333333  0.000000


MOTIF 8 MEME-1

letter-probability matrix: alength= 4 w= 34 nsites= 93 E= 1.9e-012
 0.107527  0.096774  0.053763  0.741935
 0.473118  0.182796  0.021505  0.322581
 0.075269  0.172043  0.075269  0.677419
 0.225806  0.010753  0.354839  0.408602
 0.258065  0.236559  0.161290  0.344086
 0.086022  0.290323  0.086022  0.537634
 0.623656  0.010753  0.129032  0.236559
 0.000000  0.000000  0.139785  0.860215
 0.279570  0.161290  0.258065  0.301075
 0.064516  0.000000  0.935484  0.000000
 0.956989  0.000000  0.043011  0.000000
 0.000000  0.505376  0.010753  0.483871
 0.354839  0.053763  0.569892  0.021505
 0.989247  0.000000  0.010753  0.000000
 0.602151  0.010753  0.236559  0.150538
 0.064516  0.000000  0.602151  0.333333
 0.806452  0.010753  0.182796  0.000000
 0.000000  0.225806  0.322581  0.451613
 0.086022  0.344086  0.032258  0.537634
 0.182796  0.000000  0.365591  0.451613
 0.150538  0.430108  0.075269  0.344086
 0.053763  0.043011  0.666667  0.236559
 0.311828  0.043011  0.161290  0.483871
 0.032258  0.215054  0.043011  0.709677
 0.053763  0.086022  0.419355  0.440860
 0.752688  0.000000  0.032258  0.215054
 0.139785  0.365591  0.236559  0.258065
 0.279570  0.021505  0.311828  0.387097
 0.279570  0.010753  0.451613  0.258065
 0.451613  0.032258  0.365591  0.150538
 0.344086  0.161290  0.096774  0.397849
 0.462366  0.150538  0.118280  0.268817
 0.193548  0.279570  0.064516  0.462366
 0.064516  0.064516  0.311828  0.559140


MOTIF 9 MEME-1

letter-probability matrix: alength= 4 w= 14 nsites= 35 E= 1.0e-003
 0.028571  0.342857  0.000000  0.628571
 1.000000  0.000000  0.000000  0.000000
 0.085714  0.000000  0.000000  0.914286
 0.000000  0.000000  0.971429  0.028571
 0.228571  0.085714  0.600000  0.085714
 0.000000  0.000000  0.000000  1.000000
 1.000000  0.000000  0.000000  0.000000
 0.142857  0.057143  0.028571  0.771429
 0.885714  0.000000  0.000000  0.114286
 0.885714  0.114286  0.000000  0.000000
 0.000000  0.000000  0.000000  1.000000
 0.657143  0.000000  0.228571  0.114286
 0.657143  0.057143  0.285714  0.000000
 0.685714  0.000000  0.228571  0.085714


MOTIF 10 MEME-1

letter-probability matrix: alength= 4 w= 34 nsites= 33 E= 7.7e-003
 0.030303  0.575758  0.000000  0.393939
 0.000000  0.000000  0.454545  0.545455
 0.606061  0.181818  0.030303  0.181818
 0.060606  0.393939  0.000000  0.545455
 0.000000  0.363636  0.121212  0.515152
 0.090909  0.060606  0.181818  0.666667
 0.212121  0.303030  0.151515  0.333333
 0.000000  0.181818  0.060606  0.757576
 0.696970  0.090909  0.121212  0.090909
 0.030303  0.000000  0.848485  0.121212
 0.515152  0.000000  0.000000  0.484848
 0.878788  0.000000  0.090909  0.030303
 0.060606  0.393939  0.424242  0.121212
 0.090909  0.606061  0.000000  0.303030
 0.181818  0.000000  0.545455  0.272727
 0.181818  0.484848  0.090909  0.242424
 0.484848  0.000000  0.515152  0.000000
 0.606061  0.000000  0.151515  0.242424
 0.787879  0.030303  0.030303  0.151515
 0.757576  0.151515  0.060606  0.030303
 0.848485  0.030303  0.121212  0.000000
 0.545455  0.272727  0.090909  0.090909
 0.000000  0.181818  0.151515  0.666667
 0.666667  0.121212  0.030303  0.181818
 0.121212  0.303030  0.272727  0.303030
 0.484848  0.121212  0.121212  0.272727
 0.333333  0.151515  0.393939  0.121212
 0.212121  0.000000  0.787879  0.000000
 0.606061  0.030303  0.333333  0.030303
 0.181818  0.030303  0.454545  0.333333
 0.424242  0.000000  0.212121  0.363636
 0.121212  0.121212  0.000000  0.757576
 0.181818  0.636364  0.030303  0.151515
 0.121212  0.424242  0.454545  0.000000
