MEME version 5.5.3

ALPHABET= ACGT

strands: +

Background letter frequencies (from ../bac_arc_db_07112023_CRISPRDetect3_default_08042023_new_ref_200bp_no_repeat_triple_annotation_cleaned_above_200bp_IIA_Mycoplasmatota_currated_uclust_75_bg.txt):
 A 0.391 C 0.109 G 0.109 T 0.391

MOTIF 1 MEME-1

letter-probability matrix: alength= 4 w= 35 nsites= 25 E= 1.5e-001
 0.200000  0.080000  0.600000  0.120000
 0.400000  0.200000  0.000000  0.400000
 0.480000  0.040000  0.360000  0.120000
 0.080000  0.160000  0.000000  0.760000
 0.080000  0.080000  0.040000  0.800000
 0.560000  0.000000  0.000000  0.440000
 0.280000  0.040000  0.240000  0.440000
 0.160000  0.040000  0.040000  0.760000
 0.560000  0.000000  0.160000  0.280000
 0.520000  0.080000  0.080000  0.320000
 0.680000  0.120000  0.080000  0.120000
 0.120000  0.360000  0.040000  0.480000
 0.520000  0.080000  0.040000  0.360000
 0.280000  0.280000  0.120000  0.320000
 0.080000  0.080000  0.040000  0.800000
 0.160000  0.000000  0.040000  0.800000
 0.280000  0.160000  0.000000  0.560000
 0.640000  0.080000  0.000000  0.280000
 0.560000  0.000000  0.320000  0.120000
 0.840000  0.000000  0.000000  0.160000
 0.400000  0.040000  0.040000  0.520000
 0.160000  0.040000  0.400000  0.400000
 0.480000  0.160000  0.120000  0.240000
 0.680000  0.000000  0.200000  0.120000
 0.560000  0.080000  0.360000  0.000000
 0.600000  0.080000  0.000000  0.320000
 0.440000  0.160000  0.080000  0.320000
 0.920000  0.000000  0.040000  0.040000
 0.480000  0.000000  0.000000  0.520000
 0.520000  0.000000  0.040000  0.440000
 0.400000  0.160000  0.000000  0.440000
 0.400000  0.040000  0.040000  0.520000
 0.520000  0.120000  0.080000  0.280000
 0.280000  0.080000  0.120000  0.520000
 0.160000  0.080000  0.160000  0.600000
