MEME version 5.5.3

ALPHABET= ACGT

strands: +

Background letter frequencies (from ../bac_arc_db_07112023_CRISPRDetect3_default_08042023_new_ref_200bp_no_repeat_triple_annotation_cleaned_above_200bp_IIC_Bacteroidota_currated_uclust_75_bg.txt):
 A 0.333 C 0.167 G 0.167 T 0.333

MOTIF 1 MEME-11

letter-probability matrix: alength= 4 w= 10 nsites= 19 E= 3.2e-001
 1.000000  0.000000  0.000000  0.000000
 0.736842  0.000000  0.000000  0.263158
 0.736842  0.000000  0.000000  0.263158
 0.631579  0.368421  0.000000  0.000000
 0.421053  0.105263  0.157895  0.315789
 0.000000  0.684211  0.000000  0.315789
 0.000000  0.684211  0.315789  0.000000
 0.000000  0.157895  0.842105  0.000000
 0.000000  0.000000  1.000000  0.000000
 0.210526  0.526316  0.263158  0.000000


MOTIF 2 MEME-8

letter-probability matrix: alength= 4 w= 15 nsites= 27 E= 1.8e-001
 1.000000  0.000000  0.000000  0.000000
 1.000000  0.000000  0.000000  0.000000
 0.000000  0.370370  0.148148  0.481481
 0.222222  0.074074  0.000000  0.703704
 0.259259  0.000000  0.148148  0.592593
 0.000000  0.000000  0.259259  0.740741
 0.000000  0.000000  0.000000  1.000000
 0.000000  0.000000  0.407407  0.592593
 0.592593  0.111111  0.222222  0.074074
 0.481481  0.000000  0.111111  0.407407
 0.000000  0.518519  0.037037  0.444444
 0.000000  0.000000  0.000000  1.000000
 0.000000  0.000000  0.000000  1.000000
 0.407407  0.000000  0.000000  0.592593
 0.000000  0.481481  0.074074  0.444444


MOTIF 3 MEME-8

letter-probability matrix: alength= 4 w= 15 nsites= 34 E= 1.4e-001
 0.794118  0.000000  0.147059  0.058824
 0.382353  0.235294  0.029412  0.352941
 0.735294  0.147059  0.000000  0.117647
 0.529412  0.000000  0.470588  0.000000
 0.558824  0.000000  0.264706  0.176471
 0.500000  0.000000  0.058824  0.441176
 1.000000  0.000000  0.000000  0.000000
 0.411765  0.000000  0.588235  0.000000
 0.882353  0.117647  0.000000  0.000000
 0.764706  0.000000  0.205882  0.029412
 0.470588  0.147059  0.235294  0.147059
 0.000000  0.205882  0.000000  0.794118
 0.000000  0.617647  0.000000  0.382353
 0.000000  0.558824  0.176471  0.264706
 0.529412  0.470588  0.000000  0.000000


MOTIF 4 MEME-8

letter-probability matrix: alength= 4 w= 19 nsites= 85 E= 1.0e-013
 0.941176  0.011765  0.000000  0.047059
 0.376471  0.011765  0.611765  0.000000
 0.011765  0.988235  0.000000  0.000000
 1.000000  0.000000  0.000000  0.000000
 0.635294  0.000000  0.364706  0.000000
 0.000000  0.294118  0.000000  0.705882
 0.000000  0.000000  0.011765  0.988235
 0.223529  0.164706  0.200000  0.411765
 0.000000  0.047059  0.952941  0.000000
 0.623529  0.000000  0.376471  0.000000
 0.541176  0.058824  0.294118  0.105882
 0.223529  0.388235  0.105882  0.282353
 0.211765  0.000000  0.000000  0.788235
 0.211765  0.082353  0.400000  0.305882
 0.376471  0.000000  0.000000  0.623529
 0.000000  0.011765  0.011765  0.976471
 0.164706  0.188235  0.200000  0.447059
 0.000000  0.011765  0.388235  0.600000
 0.870588  0.011765  0.117647  0.000000


MOTIF 5 MEME-8

letter-probability matrix: alength= 4 w= 14 nsites= 30 E= 3.7e-001
 0.866667  0.000000  0.033333  0.100000
 0.000000  0.000000  0.000000  1.000000
 0.766667  0.233333  0.000000  0.000000
 0.000000  0.700000  0.066667  0.233333
 0.000000  0.866667  0.000000  0.133333
 0.633333  0.000000  0.000000  0.366667
 0.000000  0.000000  0.633333  0.366667
 0.000000  0.533333  0.133333  0.333333
 0.133333  0.233333  0.000000  0.633333
 0.366667  0.200000  0.000000  0.433333
 0.200000  0.166667  0.000000  0.633333
 0.033333  0.066667  0.366667  0.533333
 0.000000  0.000000  0.000000  1.000000
 0.700000  0.000000  0.300000  0.000000


MOTIF 6 MEME-7

letter-probability matrix: alength= 4 w= 8 nsites= 31 E= 5.2e-001
 0.000000  0.677419  0.000000  0.322581
 0.000000  0.064516  0.000000  0.935484
 0.096774  0.000000  0.000000  0.903226
 0.419355  0.000000  0.580645  0.000000
 0.161290  0.838710  0.000000  0.000000
 0.967742  0.032258  0.000000  0.000000
 1.000000  0.000000  0.000000  0.000000
 0.000000  0.838710  0.000000  0.161290


MOTIF 7 MEME-2

letter-probability matrix: alength= 4 w= 13 nsites= 40 E= 2.3e-003
 0.300000  0.000000  0.700000  0.000000
 0.450000  0.000000  0.000000  0.550000
 0.025000  0.075000  0.825000  0.075000
 0.925000  0.050000  0.000000  0.025000
 0.000000  0.000000  0.325000  0.675000
 0.350000  0.300000  0.075000  0.275000
 0.875000  0.000000  0.000000  0.125000
 0.075000  0.250000  0.600000  0.075000
 0.150000  0.350000  0.000000  0.500000
 0.125000  0.750000  0.000000  0.125000
 0.675000  0.200000  0.000000  0.125000
 0.000000  1.000000  0.000000  0.000000
 0.650000  0.350000  0.000000  0.000000


MOTIF 8 MEME-2

letter-probability matrix: alength= 4 w= 11 nsites= 35 E= 1.3e-002
 0.000000  0.000000  0.628571  0.371429
 0.257143  0.600000  0.114286  0.028571
 0.285714  0.000000  0.714286  0.000000
 0.000000  0.000000  1.000000  0.000000
 0.000000  0.000000  0.942857  0.057143
 0.771429  0.200000  0.028571  0.000000
 0.028571  0.000000  0.314286  0.657143
 0.257143  0.057143  0.228571  0.457143
 0.000000  0.057143  0.285714  0.657143
 0.000000  0.028571  0.000000  0.971429
 0.000000  0.371429  0.171429  0.457143


MOTIF 9 MEME-2

letter-probability matrix: alength= 4 w= 29 nsites= 38 E= 3.0e-003
 0.368421  0.026316  0.605263  0.000000
 0.210526  0.368421  0.105263  0.315789
 0.000000  0.131579  0.078947  0.789474
 0.210526  0.131579  0.131579  0.526316
 0.131579  0.052632  0.000000  0.815789
 0.078947  0.078947  0.052632  0.789474
 0.000000  0.184211  0.000000  0.815789
 0.052632  0.236842  0.000000  0.710526
 0.631579  0.078947  0.000000  0.289474
 0.000000  0.236842  0.026316  0.736842
 0.184211  0.026316  0.736842  0.052632
 0.000000  0.078947  0.763158  0.157895
 0.394737  0.184211  0.157895  0.263158
 0.763158  0.236842  0.000000  0.000000
 0.657895  0.052632  0.157895  0.131579
 0.552632  0.078947  0.263158  0.105263
 0.763158  0.052632  0.105263  0.078947
 0.973684  0.000000  0.000000  0.026316
 0.736842  0.052632  0.131579  0.078947
 0.263158  0.157895  0.473684  0.105263
 0.578947  0.263158  0.078947  0.078947
 0.578947  0.078947  0.184211  0.157895
 0.552632  0.131579  0.315789  0.000000
 0.236842  0.131579  0.105263  0.526316
 0.368421  0.105263  0.342105  0.184211
 0.184211  0.105263  0.657895  0.052632
 0.868421  0.078947  0.000000  0.052632
 0.657895  0.000000  0.131579  0.210526
 0.473684  0.289474  0.236842  0.000000


MOTIF 10 MEME-3

letter-probability matrix: alength= 4 w= 26 nsites= 38 E= 1.8e-002
 0.052632  0.157895  0.157895  0.631579
 0.052632  0.105263  0.000000  0.842105
 0.157895  0.105263  0.000000  0.736842
 0.026316  0.131579  0.000000  0.842105
 0.026316  0.000000  0.263158  0.710526
 0.157895  0.236842  0.131579  0.473684
 0.684211  0.052632  0.000000  0.263158
 0.210526  0.000000  0.052632  0.736842
 0.000000  0.105263  0.000000  0.894737
 0.000000  0.263158  0.000000  0.736842
 0.263158  0.736842  0.000000  0.000000
 0.131579  0.105263  0.000000  0.763158
 0.473684  0.078947  0.447368  0.000000
 0.868421  0.131579  0.000000  0.000000
 0.447368  0.000000  0.184211  0.368421
 0.526316  0.105263  0.026316  0.342105
 0.421053  0.026316  0.000000  0.552632
 0.236842  0.289474  0.026316  0.447368
 0.263158  0.526316  0.131579  0.078947
 0.184211  0.184211  0.184211  0.447368
 0.342105  0.184211  0.000000  0.473684
 0.026316  0.315789  0.026316  0.631579
 0.368421  0.105263  0.368421  0.157895
 0.368421  0.052632  0.000000  0.578947
 0.973684  0.000000  0.000000  0.026316
 0.842105  0.078947  0.078947  0.000000
