MEME version 5.5.3

ALPHABET= ACGT

strands: +

Background letter frequencies (from ../bac_arc_db_07112023_CRISPRDetect3_default_08042023_new_ref_200bp_no_repeat_triple_annotation_cleaned_above_200bp_IIC_Pseudomonadota_currated_uclust_75_bg.txt):
 A 0.268 C 0.232 G 0.232 T 0.268

MOTIF 1 MEME-2

letter-probability matrix: alength= 4 w= 19 nsites= 42 E= 1.7e-006
 0.761905  0.238095  0.000000  0.000000
 0.119048  0.261905  0.190476  0.428571
 0.023810  0.928571  0.047619  0.000000
 0.976190  0.000000  0.000000  0.023810
 0.547619  0.000000  0.452381  0.000000
 0.214286  0.404762  0.023810  0.357143
 0.000000  0.000000  0.023810  0.976190
 0.142857  0.190476  0.380952  0.285714
 0.261905  0.071429  0.428571  0.238095
 0.190476  0.166667  0.000000  0.642857
 0.285714  0.142857  0.285714  0.285714
 0.000000  0.500000  0.071429  0.428571
 0.000000  0.000000  0.000000  1.000000
 0.190476  0.142857  0.476190  0.190476
 0.000000  0.119048  0.023810  0.857143
 0.023810  0.000000  0.000000  0.976190
 0.047619  0.357143  0.142857  0.452381
 0.071429  0.023810  0.000000  0.904762
 0.547619  0.000000  0.452381  0.000000


MOTIF 2 MEME-7

letter-probability matrix: alength= 4 w= 17 nsites= 16 E= 5.0e-001
 0.000000  0.812500  0.000000  0.187500
 0.500000  0.312500  0.187500  0.000000
 0.625000  0.187500  0.062500  0.125000
 0.687500  0.187500  0.125000  0.000000
 1.000000  0.000000  0.000000  0.000000
 0.687500  0.062500  0.000000  0.250000
 0.625000  0.187500  0.187500  0.000000
 0.750000  0.125000  0.062500  0.062500
 0.625000  0.187500  0.187500  0.000000
 0.250000  0.562500  0.062500  0.125000
 0.750000  0.000000  0.125000  0.125000
 0.937500  0.000000  0.000000  0.062500
 0.062500  0.000000  0.937500  0.000000
 0.750000  0.250000  0.000000  0.000000
 0.875000  0.000000  0.125000  0.000000
 1.000000  0.000000  0.000000  0.000000
 0.437500  0.000000  0.000000  0.562500


MOTIF 3 MEME-7

letter-probability matrix: alength= 4 w= 6 nsites= 116 E= 8.9e-001
 0.000000  0.913793  0.086207  0.000000
 0.301724  0.000000  0.094828  0.603448
 0.000000  0.000000  1.000000  0.000000
 0.525862  0.474138  0.000000  0.000000
 0.034483  0.353448  0.000000  0.612069
 0.000000  0.284483  0.715517  0.000000


MOTIF 4 MEME-6

letter-probability matrix: alength= 4 w= 8 nsites= 13 E= 6.8e-001
 0.076923  0.000000  0.923077  0.000000
 0.076923  0.923077  0.000000  0.000000
 0.000000  0.000000  0.000000  1.000000
 1.000000  0.000000  0.000000  0.000000
 0.000000  0.923077  0.000000  0.076923
 1.000000  0.000000  0.000000  0.000000
 1.000000  0.000000  0.000000  0.000000
 0.000000  0.153846  0.000000  0.846154


MOTIF 5 MEME-17

letter-probability matrix: alength= 4 w= 8 nsites= 19 E= 8.5e-001
 0.000000  0.000000  1.000000  0.000000
 0.210526  0.000000  0.421053  0.368421
 0.000000  0.000000  0.000000  1.000000
 0.421053  0.000000  0.000000  0.578947
 0.000000  0.000000  1.000000  0.000000
 1.000000  0.000000  0.000000  0.000000
 0.526316  0.000000  0.000000  0.473684
 0.842105  0.000000  0.000000  0.157895


MOTIF 6 MEME-1

letter-probability matrix: alength= 4 w= 34 nsites= 55 E= 1.0e-009
 0.254545  0.000000  0.709091  0.036364
 0.000000  0.018182  0.018182  0.963636
 0.163636  0.418182  0.272727  0.145455
 0.309091  0.418182  0.254545  0.018182
 0.345455  0.036364  0.581818  0.036364
 0.218182  0.400000  0.109091  0.272727
 0.436364  0.109091  0.218182  0.236364
 0.109091  0.127273  0.181818  0.581818
 0.181818  0.327273  0.218182  0.272727
 0.127273  0.436364  0.090909  0.345455
 0.018182  0.181818  0.000000  0.800000
 0.272727  0.127273  0.472727  0.127273
 0.345455  0.418182  0.090909  0.145455
 0.509091  0.181818  0.036364  0.272727
 0.418182  0.145455  0.290909  0.145455
 0.236364  0.109091  0.290909  0.363636
 0.000000  0.036364  0.000000  0.963636
 0.145455  0.381818  0.200000  0.272727
 0.781818  0.145455  0.054545  0.018182
 0.163636  0.727273  0.090909  0.018182
 0.163636  0.327273  0.400000  0.109091
 0.036364  0.000000  0.963636  0.000000
 0.981818  0.000000  0.018182  0.000000
 0.400000  0.309091  0.054545  0.236364
 0.836364  0.163636  0.000000  0.000000
 0.836364  0.000000  0.163636  0.000000
 0.454545  0.000000  0.472727  0.072727
 0.163636  0.836364  0.000000  0.000000
 0.981818  0.000000  0.018182  0.000000
 0.418182  0.000000  0.581818  0.000000
 0.000000  0.000000  0.236364  0.763636
 0.490909  0.000000  0.054545  0.454545
 0.018182  0.327273  0.072727  0.581818
 0.090909  0.054545  0.818182  0.036364


MOTIF 7 MEME-1

letter-probability matrix: alength= 4 w= 13 nsites= 22 E= 2.8e-001
 0.000000  0.000000  0.863636  0.136364
 0.272727  0.409091  0.318182  0.000000
 0.090909  0.181818  0.500000  0.227273
 0.181818  0.000000  0.818182  0.000000
 0.545455  0.000000  0.000000  0.454545
 0.000000  0.000000  0.045455  0.954545
 0.500000  0.000000  0.000000  0.500000
 0.181818  0.000000  0.000000  0.818182
 0.000000  0.136364  0.000000  0.863636
 0.000000  0.136364  0.227273  0.636364
 0.318182  0.363636  0.318182  0.000000
 0.045455  0.045455  0.000000  0.909091
 0.000000  0.000000  0.636364  0.363636


MOTIF 8 MEME-1

letter-probability matrix: alength= 4 w= 6 nsites= 22 E= 9.4e-001
 0.000000  0.409091  0.590909  0.000000
 1.000000  0.000000  0.000000  0.000000
 0.000000  0.000000  1.000000  0.000000
 0.000000  0.000000  1.000000  0.000000
 0.000000  0.000000  1.000000  0.000000
 0.000000  0.727273  0.272727  0.000000


MOTIF 9 MEME-3

letter-probability matrix: alength= 4 w= 28 nsites= 22 E= 1.8e-001
 0.000000  0.454545  0.000000  0.545455
 0.272727  0.136364  0.045455  0.545455
 0.000000  0.272727  0.181818  0.545455
 0.090909  0.181818  0.000000  0.727273
 0.227273  0.227273  0.272727  0.272727
 0.272727  0.318182  0.272727  0.136364
 0.454545  0.136364  0.000000  0.409091
 0.181818  0.272727  0.363636  0.181818
 0.909091  0.090909  0.000000  0.000000
 0.136364  0.318182  0.227273  0.318182
 0.045455  0.227273  0.545455  0.181818
 0.090909  0.681818  0.136364  0.090909
 0.318182  0.545455  0.090909  0.045455
 0.454545  0.136364  0.318182  0.090909
 0.363636  0.318182  0.090909  0.227273
 0.681818  0.000000  0.090909  0.227273
 0.227273  0.272727  0.181818  0.318182
 0.772727  0.181818  0.045455  0.000000
 0.090909  0.000000  0.545455  0.363636
 0.000000  0.681818  0.136364  0.181818
 0.409091  0.000000  0.454545  0.136364
 0.181818  0.181818  0.545455  0.090909
 0.409091  0.409091  0.136364  0.045455
 0.727273  0.045455  0.000000  0.227273
 0.863636  0.136364  0.000000  0.000000
 0.545455  0.136364  0.136364  0.181818
 0.000000  0.727273  0.000000  0.272727
 0.000000  0.818182  0.181818  0.000000
