MEME version 5.5.3

ALPHABET= ACGT

strands: +

Background letter frequencies (from ../bac_arc_db_07112023_CRISPRDetect3_default_08042023_new_ref_200bp_no_repeat_triple_annotation_cleaned_above_200bp_IIC_Campylobacterota_currated_uclust_75_bg.txt):
 A 0.350 C 0.150 G 0.150 T 0.350

MOTIF 1 MEME-1

letter-probability matrix: alength= 4 w= 10 nsites= 25 E= 2.9e-001
 0.000000  0.160000  0.840000  0.000000
 0.760000  0.000000  0.240000  0.000000
 0.560000  0.040000  0.200000  0.200000
 0.480000  0.000000  0.440000  0.080000
 0.000000  0.320000  0.000000  0.680000
 0.000000  0.000000  0.080000  0.920000
 0.160000  0.000000  0.280000  0.560000
 0.000000  0.400000  0.000000  0.600000
 0.760000  0.000000  0.240000  0.000000
 0.000000  0.600000  0.400000  0.000000


MOTIF 2 MEME-5

letter-probability matrix: alength= 4 w= 6 nsites= 36 E= 2.6e-001
 0.000000  0.000000  0.138889  0.861111
 1.000000  0.000000  0.000000  0.000000
 0.000000  0.000000  0.000000  1.000000
 0.000000  0.111111  0.000000  0.888889
 0.000000  0.000000  0.000000  1.000000
 0.000000  0.000000  0.000000  1.000000


MOTIF 3 MEME-2

letter-probability matrix: alength= 4 w= 11 nsites= 20 E= 1.1e-001
 0.000000  0.500000  0.000000  0.500000
 0.000000  1.000000  0.000000  0.000000
 0.400000  0.000000  0.450000  0.150000
 0.450000  0.550000  0.000000  0.000000
 0.800000  0.150000  0.000000  0.050000
 0.750000  0.100000  0.000000  0.150000
 0.650000  0.200000  0.100000  0.050000
 0.400000  0.600000  0.000000  0.000000
 0.000000  0.450000  0.000000  0.550000
 0.450000  0.550000  0.000000  0.000000
 0.000000  0.750000  0.000000  0.250000
