MEME version 5.5.3

ALPHABET= ACGT

strands: +

Background letter frequencies (from ../bac_arc_db_07112023_CRISPRDetect3_default_08042023_new_ref_200bp_no_repeat_triple_annotation_cleaned_above_200bp_IIIA_Thermoproteota_currated_uclust_75_bg.txt):
 A 0.304 C 0.196 G 0.196 T 0.304

MOTIF 1 MEME-10

letter-probability matrix: alength= 4 w= 6 nsites= 2 E= 9.8e-001
 0.000000  0.000000  1.000000  0.000000
 0.000000  0.000000  0.000000  1.000000
 0.000000  0.000000  1.000000  0.000000
 0.000000  0.500000  0.000000  0.500000
 0.000000  1.000000  0.000000  0.000000
 0.000000  0.000000  1.000000  0.000000


MOTIF 2 MEME-1

letter-probability matrix: alength= 4 w= 14 nsites= 12 E= 5.2e-001
 0.333333  0.000000  0.666667  0.000000
 0.250000  0.000000  0.083333  0.666667
 0.166667  0.000000  0.750000  0.083333
 0.000000  0.333333  0.500000  0.166667
 0.583333  0.000000  0.333333  0.083333
 0.833333  0.000000  0.166667  0.000000
 0.666667  0.083333  0.000000  0.250000
 0.333333  0.333333  0.000000  0.333333
 1.000000  0.000000  0.000000  0.000000
 0.333333  0.250000  0.416667  0.000000
 0.250000  0.000000  0.666667  0.083333
 0.000000  0.166667  0.416667  0.416667
 0.583333  0.166667  0.250000  0.000000
 0.166667  0.083333  0.000000  0.750000


MOTIF 3 MEME-12

letter-probability matrix: alength= 4 w= 6 nsites= 2 E= 9.8e-001
 0.000000  0.000000  0.000000  1.000000
 1.000000  0.000000  0.000000  0.000000
 0.000000  0.000000  0.500000  0.500000
 0.500000  0.000000  0.500000  0.000000
 0.000000  0.500000  0.000000  0.500000
 0.000000  1.000000  0.000000  0.000000
