MEME version 5.5.3

ALPHABET= ACGT

strands: +

Background letter frequencies (from ../bac_arc_db_07112023_CRISPRDetect3_default_08042023_new_ref_200bp_no_repeat_triple_annotation_cleaned_above_200bp_IIIA_Deinococcota_currated_uclust_75_bg.txt):
 A 0.220 C 0.280 G 0.280 T 0.220

MOTIF 1 MEME-3

letter-probability matrix: alength= 4 w= 6 nsites= 14 E= 9.2e-001
 0.000000  0.000000  0.571429  0.428571
 0.000000  0.000000  1.000000  0.000000
 0.000000  0.857143  0.142857  0.000000
 0.000000  0.000000  1.000000  0.000000
 0.000000  0.000000  1.000000  0.000000
 0.000000  0.571429  0.000000  0.428571


MOTIF 2 MEME-1

letter-probability matrix: alength= 4 w= 17 nsites= 24 E= 1.9e-001
 0.041667  0.416667  0.541667  0.000000
 0.125000  0.166667  0.333333  0.375000
 0.208333  0.750000  0.041667  0.000000
 0.000000  0.708333  0.291667  0.000000
 0.541667  0.041667  0.250000  0.166667
 0.000000  0.041667  0.666667  0.291667
 0.166667  0.041667  0.791667  0.000000
 0.333333  0.250000  0.291667  0.125000
 0.208333  0.291667  0.375000  0.125000
 0.041667  0.083333  0.833333  0.041667
 0.333333  0.166667  0.500000  0.000000
 0.000000  0.333333  0.416667  0.250000
 0.291667  0.375000  0.291667  0.041667
 0.250000  0.000000  0.166667  0.583333
 0.000000  0.125000  0.250000  0.625000
 0.208333  0.666667  0.083333  0.041667
 0.208333  0.125000  0.000000  0.666667


MOTIF 3 MEME-2

letter-probability matrix: alength= 4 w= 9 nsites= 12 E= 6.3e-001
 0.000000  0.000000  0.000000  1.000000
 0.000000  0.000000  0.500000  0.500000
 0.000000  0.750000  0.250000  0.000000
 0.833333  0.000000  0.166667  0.000000
 0.000000  0.166667  0.000000  0.833333
 0.416667  0.500000  0.000000  0.083333
 0.000000  0.583333  0.000000  0.416667
 0.000000  0.000000  0.000000  1.000000
 0.000000  0.416667  0.000000  0.583333
