MEME version 5.5.3

ALPHABET= ACGT

strands: +

Background letter frequencies (from ../bac_arc_db_07112023_CRISPRDetect3_default_08042023_new_ref_200bp_no_repeat_triple_annotation_cleaned_above_200bp_IIIA_Pseudomonadota_currated_uclust_75_bg.txt):
 A 0.292 C 0.208 G 0.208 T 0.292

MOTIF 1 MEME-1

letter-probability matrix: alength= 4 w= 24 nsites= 31 E= 5.8e-003
 0.000000  0.161290  0.129032  0.709677
 0.000000  0.290323  0.000000  0.709677
 0.129032  0.000000  0.129032  0.741935
 0.354839  0.096774  0.419355  0.129032
 0.000000  0.516129  0.161290  0.322581
 0.838710  0.096774  0.064516  0.000000
 0.903226  0.032258  0.064516  0.000000
 0.064516  0.322581  0.387097  0.225806
 0.258065  0.580645  0.000000  0.161290
 0.064516  0.258065  0.161290  0.516129
 0.612903  0.064516  0.225806  0.096774
 0.161290  0.032258  0.032258  0.774194
 0.129032  0.000000  0.161290  0.709677
 0.258065  0.032258  0.580645  0.129032
 0.870968  0.064516  0.064516  0.000000
 0.612903  0.064516  0.032258  0.290323
 0.225806  0.032258  0.129032  0.612903
 0.580645  0.096774  0.032258  0.290323
 0.258065  0.161290  0.161290  0.419355
 0.419355  0.000000  0.193548  0.387097
 0.580645  0.032258  0.354839  0.032258
 0.741935  0.161290  0.096774  0.000000
 0.290323  0.000000  0.322581  0.387097
 0.096774  0.096774  0.677419  0.129032
