MEME version 5.5.3

ALPHABET= ACGT

strands: +

Background letter frequencies (from ../bac_arc_db_07112023_CRISPRDetect3_default_08042023_new_ref_200bp_no_repeat_triple_annotation_cleaned_above_200bp_IIIA_Bacillota_currated_uclust_75_bg.txt):
 A 0.329 C 0.171 G 0.171 T 0.329

MOTIF 1 MEME-1

letter-probability matrix: alength= 4 w= 14 nsites= 161 E= 6.6e-001
 0.527950  0.000000  0.000000  0.472050
 0.354037  0.000000  0.000000  0.645963
 0.316770  0.037267  0.000000  0.645963
 0.000000  0.000000  0.335404  0.664596
 0.559006  0.074534  0.074534  0.291925
 0.000000  0.310559  0.173913  0.515528
 0.763975  0.086957  0.000000  0.149068
 0.254658  0.217391  0.217391  0.310559
 0.577640  0.093168  0.161491  0.167702
 0.596273  0.124224  0.000000  0.279503
 0.621118  0.055901  0.000000  0.322981
 0.770186  0.000000  0.099379  0.130435
 0.366460  0.000000  0.000000  0.633540
 0.577640  0.291925  0.074534  0.055901
