MEME version 5.5.3

ALPHABET= ACGT

strands: +

Background letter frequencies (from ../bac_arc_db_07112023_CRISPRDetect3_default_08042023_new_ref_200bp_no_repeat_triple_annotation_cleaned_above_200bp_IIIB_Pseudomonadota_currated_uclust_75_bg.txt):
 A 0.264 C 0.236 G 0.236 T 0.264

MOTIF 1 MEME-2

letter-probability matrix: alength= 4 w= 16 nsites= 31 E= 2.0e-001
 0.322581  0.000000  0.677419  0.000000
 0.161290  0.000000  0.548387  0.290323
 0.258065  0.322581  0.129032  0.290323
 0.258065  0.161290  0.064516  0.516129
 0.516129  0.193548  0.290323  0.000000
 0.967742  0.000000  0.000000  0.032258
 0.903226  0.000000  0.096774  0.000000
 0.741935  0.000000  0.000000  0.258065
 0.774194  0.000000  0.096774  0.129032
 0.483871  0.064516  0.096774  0.354839
 0.000000  0.419355  0.258065  0.322581
 0.419355  0.000000  0.580645  0.000000
 0.225806  0.129032  0.451613  0.193548
 0.000000  0.161290  0.354839  0.483871
 0.064516  0.645161  0.096774  0.193548
 0.903226  0.000000  0.096774  0.000000


MOTIF 2 MEME-1

letter-probability matrix: alength= 4 w= 19 nsites= 40 E= 4.3e-005
 0.400000  0.425000  0.000000  0.175000
 0.175000  0.125000  0.000000  0.700000
 0.000000  0.000000  0.025000  0.975000
 0.125000  0.000000  0.825000  0.050000
 0.725000  0.000000  0.000000  0.275000
 0.225000  0.125000  0.000000  0.650000
 0.450000  0.000000  0.050000  0.500000
 0.150000  0.075000  0.200000  0.575000
 0.250000  0.075000  0.175000  0.500000
 0.625000  0.100000  0.000000  0.275000
 0.700000  0.025000  0.000000  0.275000
 0.725000  0.000000  0.050000  0.225000
 0.250000  0.175000  0.475000  0.100000
 0.200000  0.025000  0.675000  0.100000
 0.575000  0.050000  0.050000  0.325000
 0.250000  0.225000  0.150000  0.375000
 0.550000  0.000000  0.050000  0.400000
 0.475000  0.000000  0.000000  0.525000
 0.250000  0.000000  0.000000  0.750000
