MEME version 5.5.3

ALPHABET= ACGT

strands: +

Background letter frequencies (from ../bac_arc_db_07112023_CRISPRDetect3_default_08042023_new_ref_200bp_no_repeat_triple_annotation_cleaned_above_200bp_IIIB_Bacillota_currated_uclust_75_bg.txt):
 A 0.330 C 0.170 G 0.170 T 0.330

MOTIF 1 MEME-2

letter-probability matrix: alength= 4 w= 16 nsites= 29 E= 1.2e-001
 0.310345  0.000000  0.000000  0.689655
 0.275862  0.103448  0.000000  0.620690
 0.034483  0.000000  0.482759  0.482759
 0.413793  0.241379  0.137931  0.206897
 0.931034  0.034483  0.034483  0.000000
 0.896552  0.000000  0.000000  0.103448
 0.620690  0.344828  0.000000  0.034483
 0.689655  0.275862  0.000000  0.034483
 0.655172  0.000000  0.137931  0.206897
 0.310345  0.137931  0.344828  0.206897
 0.000000  0.275862  0.206897  0.517241
 0.241379  0.068966  0.206897  0.482759
 0.586207  0.344828  0.034483  0.034483
 0.379310  0.000000  0.000000  0.620690
 0.586207  0.034483  0.310345  0.068966
 0.034483  0.000000  0.241379  0.724138


MOTIF 2 MEME-1

letter-probability matrix: alength= 4 w= 10 nsites= 45 E= 9.9e-001
 0.000000  0.622222  0.000000  0.377778
 0.000000  0.466667  0.533333  0.000000
 0.600000  0.000000  0.200000  0.200000
 0.200000  0.555556  0.244444  0.000000
 0.711111  0.000000  0.288889  0.000000
 0.288889  0.000000  0.711111  0.000000
 0.577778  0.111111  0.311111  0.000000
 0.044444  0.533333  0.000000  0.422222
 0.177778  0.266667  0.288889  0.266667
 0.155556  0.200000  0.511111  0.133333
