MEME version 5.5.3

ALPHABET= ACGT

strands: +

Background letter frequencies (from ../bac_arc_db_07112023_CRISPRDetect3_default_08042023_new_ref_200bp_no_repeat_triple_annotation_cleaned_above_200bp_IIIB_Euryarchaeota_currated_uclust_75_bg.txt):
 A 0.287 C 0.212 G 0.212 T 0.287

MOTIF 1 MEME-3

letter-probability matrix: alength= 4 w= 20 nsites= 82 E= 3.0e-012
 0.890244  0.000000  0.024390  0.085366
 0.853659  0.000000  0.000000  0.146341
 0.378049  0.195122  0.000000  0.426829
 0.304878  0.024390  0.634146  0.036585
 0.365854  0.036585  0.597561  0.000000
 0.548780  0.012195  0.439024  0.000000
 0.146341  0.268293  0.573171  0.012195
 0.024390  0.341463  0.634146  0.000000
 0.743902  0.024390  0.158537  0.073171
 0.914634  0.000000  0.085366  0.000000
 0.817073  0.000000  0.000000  0.182927
 0.756098  0.000000  0.000000  0.243902
 0.475610  0.000000  0.000000  0.524390
 0.085366  0.243902  0.158537  0.512195
 0.036585  0.609756  0.256098  0.097561
 0.000000  0.670732  0.182927  0.146341
 0.048780  0.353659  0.597561  0.000000
 0.000000  0.719512  0.195122  0.085366
 0.024390  0.926829  0.012195  0.036585
 0.000000  1.000000  0.000000  0.000000


MOTIF 2 MEME-1

letter-probability matrix: alength= 4 w= 29 nsites= 151 E= 2.4e-030
 0.033113  0.066225  0.092715  0.807947
 0.000000  0.324503  0.000000  0.675497
 0.046358  0.271523  0.337748  0.344371
 0.251656  0.000000  0.715232  0.033113
 0.450331  0.000000  0.523179  0.026490
 0.403974  0.000000  0.589404  0.006623
 0.278146  0.278146  0.324503  0.119205
 0.158940  0.211921  0.450331  0.178808
 0.039735  0.192053  0.026490  0.741722
 0.000000  0.324503  0.052980  0.622517
 0.072848  0.384106  0.119205  0.423841
 0.112583  0.198675  0.019868  0.668874
 0.192053  0.105960  0.211921  0.490066
 0.536424  0.105960  0.059603  0.298013
 0.145695  0.000000  0.470199  0.384106
 0.245033  0.125828  0.390728  0.238411
 0.384106  0.132450  0.350993  0.132450
 0.046358  0.562914  0.139073  0.251656
 0.198675  0.139073  0.112583  0.549669
 0.013245  0.211921  0.066225  0.708609
 0.066225  0.218543  0.013245  0.701987
 0.344371  0.026490  0.344371  0.284768
 0.139073  0.139073  0.052980  0.668874
 0.192053  0.066225  0.059603  0.682119
 0.218543  0.019868  0.649007  0.112583
 0.152318  0.000000  0.490066  0.357616
 0.152318  0.059603  0.536424  0.251656
 0.119205  0.503311  0.304636  0.072848
 0.708609  0.072848  0.185430  0.033113


MOTIF 3 MEME-2

letter-probability matrix: alength= 4 w= 17 nsites= 90 E= 7.9e-018
 0.011111  0.177778  0.022222  0.788889
 0.100000  0.311111  0.022222  0.566667
 0.200000  0.344444  0.344444  0.111111
 0.122222  0.566667  0.155556  0.155556
 0.522222  0.422222  0.055556  0.000000
 0.255556  0.000000  0.733333  0.011111
 0.922222  0.000000  0.000000  0.077778
 1.000000  0.000000  0.000000  0.000000
 1.000000  0.000000  0.000000  0.000000
 0.477778  0.011111  0.488889  0.022222
 0.200000  0.077778  0.655556  0.066667
 0.022222  0.833333  0.055556  0.088889
 0.022222  0.000000  0.000000  0.977778
 0.022222  0.000000  0.000000  0.977778
 0.866667  0.000000  0.000000  0.133333
 0.377778  0.000000  0.000000  0.622222
 1.000000  0.000000  0.000000  0.000000
