MEME version 5.5.3

ALPHABET= ACGT

strands: +

Background letter frequencies (from ../bac_arc_db_07112023_CRISPRDetect3_default_08042023_new_ref_200bp_no_repeat_triple_annotation_cleaned_above_200bp_IIIB_Cyanobacteriota_currated_uclust_75_bg.txt):
 A 0.281 C 0.219 G 0.219 T 0.281

MOTIF 1 MEME-2

letter-probability matrix: alength= 4 w= 26 nsites= 51 E= 3.6e-009
 0.941176  0.000000  0.058824  0.000000
 0.901961  0.000000  0.000000  0.098039
 0.196078  0.019608  0.039216  0.745098
 0.019608  0.392157  0.509804  0.078431
 0.058824  0.196078  0.725490  0.019608
 0.000000  0.784314  0.078431  0.137255
 0.000000  0.078431  0.176471  0.745098
 0.117647  0.058824  0.823529  0.000000
 0.764706  0.058824  0.039216  0.137255
 0.862745  0.000000  0.137255  0.000000
 0.921569  0.000000  0.078431  0.000000
 0.098039  0.352941  0.137255  0.411765
 0.078431  0.372549  0.411765  0.137255
 0.098039  0.549020  0.098039  0.254902
 0.000000  0.352941  0.137255  0.509804
 0.098039  0.313725  0.392157  0.196078
 0.823529  0.039216  0.098039  0.039216
 0.117647  0.019608  0.019608  0.843137
 0.039216  0.019608  0.078431  0.862745
 0.039216  0.470588  0.098039  0.392157
 0.039216  0.117647  0.000000  0.843137
 0.098039  0.215686  0.098039  0.588235
 0.000000  0.235294  0.019608  0.745098
 0.039216  0.647059  0.176471  0.137255
 0.098039  0.039216  0.764706  0.098039
 0.078431  0.039216  0.000000  0.882353


MOTIF 2 MEME-4

letter-probability matrix: alength= 4 w= 6 nsites= 36 E= 8.3e-004
 0.000000  1.000000  0.000000  0.000000
 0.000000  0.000000  1.000000  0.000000
 0.000000  1.000000  0.000000  0.000000
 1.000000  0.000000  0.000000  0.000000
 1.000000  0.000000  0.000000  0.000000
 1.000000  0.000000  0.000000  0.000000


MOTIF 3 MEME-1

letter-probability matrix: alength= 4 w= 28 nsites= 111 E= 5.9e-025
 0.000000  0.162162  0.036036  0.801802
 0.234234  0.405405  0.324324  0.036036
 0.180180  0.054054  0.738739  0.027027
 0.810811  0.072072  0.108108  0.009009
 0.288288  0.252252  0.018018  0.441441
 0.252252  0.153153  0.270270  0.324324
 0.036036  0.495495  0.225225  0.243243
 0.036036  0.621622  0.054054  0.288288
 0.225225  0.135135  0.090090  0.549550
 0.036036  0.216216  0.180180  0.567568
 0.306306  0.000000  0.387387  0.306306
 0.000000  0.801802  0.000000  0.198198
 0.270270  0.252252  0.108108  0.369369
 0.171171  0.207207  0.468468  0.153153
 0.162162  0.171171  0.459459  0.207207
 0.297297  0.036036  0.621622  0.045045
 0.162162  0.189189  0.000000  0.648649
 0.711712  0.198198  0.081081  0.009009
 0.675676  0.009009  0.099099  0.216216
 0.189189  0.000000  0.792793  0.018018
 0.045045  0.108108  0.819820  0.027027
 0.063063  0.198198  0.684685  0.054054
 0.036036  0.081081  0.045045  0.837838
 0.000000  0.009009  0.000000  0.990991
 0.045045  0.135135  0.045045  0.774775
 0.126126  0.315315  0.261261  0.297297
 0.747748  0.081081  0.135135  0.036036
 0.405405  0.045045  0.504505  0.045045
