MEME version 5.5.3

ALPHABET= ACGT

strands: +

Background letter frequencies (from ../bac_arc_db_07112023_CRISPRDetect3_default_08042023_new_ref_200bp_no_repeat_triple_annotation_cleaned_above_200bp_IIIC_Bacillota_currated_uclust_75_bg.txt):
 A 0.312 C 0.188 G 0.188 T 0.312

MOTIF 1 MEME-2

letter-probability matrix: alength= 4 w= 6 nsites= 32 E= 1.4e-001
 0.968750  0.000000  0.031250  0.000000
 0.000000  0.000000  0.000000  1.000000
 1.000000  0.000000  0.000000  0.000000
 0.718750  0.000000  0.281250  0.000000
 0.000000  0.000000  0.187500  0.812500
 0.000000  0.000000  1.000000  0.000000


MOTIF 2 MEME-2

letter-probability matrix: alength= 4 w= 10 nsites= 11 E= 3.5e-001
 1.000000  0.000000  0.000000  0.000000
 0.636364  0.000000  0.000000  0.363636
 0.272727  0.090909  0.545455  0.090909
 0.000000  0.363636  0.000000  0.636364
 0.000000  1.000000  0.000000  0.000000
 0.000000  0.090909  0.000000  0.909091
 0.000000  0.000000  0.000000  1.000000
 0.181818  0.000000  0.000000  0.818182
 0.090909  0.090909  0.000000  0.818182
 1.000000  0.000000  0.000000  0.000000


MOTIF 3 MEME-1

letter-probability matrix: alength= 4 w= 15 nsites= 50 E= 1.6e-009
 0.380000  0.540000  0.000000  0.080000
 0.280000  0.240000  0.200000  0.280000
 0.220000  0.020000  0.580000  0.180000
 0.180000  0.020000  0.560000  0.240000
 0.280000  0.020000  0.340000  0.360000
 0.000000  0.020000  0.520000  0.460000
 0.320000  0.000000  0.620000  0.060000
 0.000000  0.060000  0.020000  0.920000
 0.000000  0.940000  0.000000  0.060000
 0.000000  0.000000  0.980000  0.020000
 0.520000  0.040000  0.000000  0.440000
 0.000000  1.000000  0.000000  0.000000
 0.020000  0.000000  0.940000  0.040000
 0.960000  0.000000  0.040000  0.000000
 0.000000  0.840000  0.000000  0.160000


MOTIF 4 MEME-1

letter-probability matrix: alength= 4 w= 9 nsites= 12 E= 4.1e-001
 0.583333  0.416667  0.000000  0.000000
 0.083333  0.500000  0.416667  0.000000
 0.000000  0.000000  0.000000  1.000000
 0.000000  0.083333  0.833333  0.083333
 0.000000  1.000000  0.000000  0.000000
 1.000000  0.000000  0.000000  0.000000
 1.000000  0.000000  0.000000  0.000000
 0.916667  0.000000  0.000000  0.083333
 1.000000  0.000000  0.000000  0.000000


MOTIF 5 MEME-1

letter-probability matrix: alength= 4 w= 7 nsites= 33 E= 6.4e-002
 0.575758  0.000000  0.424242  0.000000
 0.000000  0.000000  0.212121  0.787879
 0.424242  0.000000  0.000000  0.575758
 0.000000  0.000000  0.878788  0.121212
 1.000000  0.000000  0.000000  0.000000
 0.000000  0.848485  0.000000  0.151515
 0.818182  0.000000  0.090909  0.090909
