MEME version 5.5.3

ALPHABET= ACGT

strands: +

Background letter frequencies (from ../bac_arc_db_07112023_CRISPRDetect3_default_08042023_new_ref_200bp_no_repeat_triple_annotation_cleaned_above_200bp_IIID_Cyanobacteriota_currated_uclust_75_bg.txt):
 A 0.290 C 0.210 G 0.210 T 0.290

MOTIF 1 MEME-5

letter-probability matrix: alength= 4 w= 6 nsites= 12 E= 1.7e-001
 0.000000  0.000000  1.000000  0.000000
 0.583333  0.000000  0.000000  0.416667
 0.000000  0.000000  0.000000  1.000000
 0.000000  1.000000  0.000000  0.000000
 0.000000  0.000000  1.000000  0.000000
 0.000000  1.000000  0.000000  0.000000


MOTIF 2 MEME-5

letter-probability matrix: alength= 4 w= 32 nsites= 31 E= 8.9e-003
 0.193548  0.483871  0.290323  0.032258
 0.161290  0.483871  0.129032  0.225806
 0.225806  0.322581  0.161290  0.290323
 0.193548  0.387097  0.193548  0.225806
 0.193548  0.387097  0.032258  0.387097
 0.096774  0.193548  0.451613  0.258065
 0.096774  0.258065  0.064516  0.580645
 0.032258  0.354839  0.612903  0.000000
 0.419355  0.032258  0.548387  0.000000
 0.741935  0.000000  0.129032  0.129032
 0.548387  0.064516  0.096774  0.290323
 0.387097  0.096774  0.258065  0.258065
 0.096774  0.548387  0.225806  0.129032
 0.064516  0.354839  0.064516  0.516129
 0.258065  0.000000  0.129032  0.612903
 0.129032  0.032258  0.225806  0.612903
 0.354839  0.000000  0.290323  0.354839
 0.064516  0.483871  0.096774  0.354839
 0.322581  0.129032  0.032258  0.516129
 0.225806  0.451613  0.193548  0.129032
 0.161290  0.129032  0.290323  0.419355
 0.354839  0.064516  0.580645  0.000000
 0.225806  0.096774  0.032258  0.645161
 0.741935  0.064516  0.129032  0.064516
 0.709677  0.064516  0.161290  0.064516
 0.064516  0.129032  0.806452  0.000000
 0.096774  0.193548  0.709677  0.000000
 0.096774  0.193548  0.516129  0.193548
 0.000000  0.000000  0.000000  1.000000
 0.000000  0.064516  0.129032  0.806452
 0.000000  0.193548  0.000000  0.806452
 0.000000  0.451613  0.290323  0.258065
