MEME version 5.5.3

ALPHABET= ACGT

strands: +

Background letter frequencies (from ../bac_arc_db_07112023_CRISPRDetect3_default_08042023_new_ref_200bp_no_repeat_triple_annotation_cleaned_above_200bp_IIID_Pseudomonadota_currated_uclust_75_bg.txt):
 A 0.275 C 0.225 G 0.225 T 0.275

MOTIF 1 MEME-1

letter-probability matrix: alength= 4 w= 16 nsites= 30 E= 6.6e-001
 0.766667  0.233333  0.000000  0.000000
 0.433333  0.300000  0.266667  0.000000
 0.500000  0.000000  0.200000  0.300000
 0.000000  0.333333  0.666667  0.000000
 0.100000  0.500000  0.400000  0.000000
 0.233333  0.566667  0.200000  0.000000
 0.000000  0.666667  0.333333  0.000000
 0.300000  0.000000  0.100000  0.600000
 0.000000  0.333333  0.200000  0.466667
 0.166667  0.400000  0.333333  0.100000
 0.300000  0.333333  0.066667  0.300000
 0.300000  0.300000  0.400000  0.000000
 0.366667  0.233333  0.200000  0.200000
 0.800000  0.000000  0.000000  0.200000
 0.266667  0.000000  0.633333  0.100000
 0.000000  0.700000  0.300000  0.000000
