MEME version 5.5.3

ALPHABET= ACGT

strands: +

Background letter frequencies (from ../bac_arc_db_07112023_CRISPRDetect3_default_08042023_new_ref_200bp_no_repeat_triple_annotation_cleaned_above_200bp_IIID_Actinomycetota_currated_uclust_75_bg.txt):
 A 0.178 C 0.322 G 0.322 T 0.178

MOTIF 1 MEME-2

letter-probability matrix: alength= 4 w= 20 nsites= 19 E= 1.1e-001
 0.842105  0.052632  0.052632  0.052632
 0.684211  0.315789  0.000000  0.000000
 0.842105  0.157895  0.000000  0.000000
 0.210526  0.105263  0.684211  0.000000
 0.052632  0.263158  0.421053  0.263158
 0.157895  0.315789  0.210526  0.315789
 0.052632  0.473684  0.368421  0.105263
 0.000000  0.631579  0.368421  0.000000
 0.368421  0.315789  0.105263  0.210526
 0.526316  0.000000  0.052632  0.421053
 0.736842  0.105263  0.105263  0.052632
 0.947368  0.000000  0.000000  0.052632
 0.315789  0.157895  0.157895  0.368421
 0.052632  0.578947  0.105263  0.263158
 0.578947  0.000000  0.052632  0.368421
 0.105263  0.157895  0.684211  0.052632
 0.000000  0.263158  0.736842  0.000000
 0.263158  0.368421  0.368421  0.000000
 0.105263  0.368421  0.315789  0.210526
 0.000000  0.526316  0.000000  0.473684


MOTIF 2 MEME-1

letter-probability matrix: alength= 4 w= 10 nsites= 25 E= 3.7e-003
 0.000000  0.000000  1.000000  0.000000
 0.200000  0.280000  0.000000  0.520000
 0.000000  0.800000  0.200000  0.000000
 0.200000  0.000000  0.800000  0.000000
 0.040000  0.320000  0.520000  0.120000
 0.040000  0.000000  0.000000  0.960000
 0.000000  0.000000  1.000000  0.000000
 0.000000  0.000000  1.000000  0.000000
 0.000000  1.000000  0.000000  0.000000
 0.000000  0.000000  1.000000  0.000000


MOTIF 3 MEME-5

letter-probability matrix: alength= 4 w= 8 nsites= 29 E= 6.5e-001
 0.482759  0.000000  0.448276  0.068966
 0.000000  1.000000  0.000000  0.000000
 0.137931  0.034483  0.310345  0.517241
 0.241379  0.000000  0.000000  0.758621
 0.000000  0.000000  0.000000  1.000000
 0.000000  0.000000  0.000000  1.000000
 0.000000  0.586207  0.241379  0.172414
 0.000000  0.724138  0.241379  0.034483


MOTIF 4 MEME-3

letter-probability matrix: alength= 4 w= 6 nsites= 30 E= 6.7e-001
 0.466667  0.000000  0.000000  0.533333
 0.000000  0.000000  1.000000  0.000000
 0.300000  0.266667  0.433333  0.000000
 0.000000  0.000000  0.000000  1.000000
 0.033333  0.966667  0.000000  0.000000
 1.000000  0.000000  0.000000  0.000000
