MEME version 5.5.3

ALPHABET= ACGT

strands: +

Background letter frequencies (from ../bac_arc_db_07112023_CRISPRDetect3_default_08042023_new_ref_200bp_no_repeat_triple_annotation_cleaned_above_200bp_IIID_Bacillota_currated_uclust_75_bg.txt):
 A 0.311 C 0.189 G 0.189 T 0.311

MOTIF 1 MEME-3

letter-probability matrix: alength= 4 w= 11 nsites= 19 E= 5.3e-001
 0.000000  0.000000  1.000000  0.000000
 0.684211  0.052632  0.052632  0.210526
 0.000000  0.000000  0.263158  0.736842
 0.894737  0.000000  0.000000  0.105263
 0.315789  0.000000  0.000000  0.684211
 0.368421  0.000000  0.000000  0.631579
 0.473684  0.000000  0.000000  0.526316
 0.000000  0.210526  0.105263  0.684211
 0.526316  0.105263  0.368421  0.000000
 0.894737  0.000000  0.000000  0.105263
 0.157895  0.210526  0.631579  0.000000


MOTIF 2 MEME-1

letter-probability matrix: alength= 4 w= 26 nsites= 20 E= 5.5e-001
 0.000000  0.500000  0.150000  0.350000
 0.000000  0.400000  0.050000  0.550000
 0.400000  0.200000  0.400000  0.000000
 0.650000  0.300000  0.000000  0.050000
 0.300000  0.550000  0.050000  0.100000
 0.600000  0.050000  0.150000  0.200000
 0.500000  0.050000  0.000000  0.450000
 0.450000  0.550000  0.000000  0.000000
 0.350000  0.100000  0.300000  0.250000
 0.400000  0.300000  0.150000  0.150000
 0.400000  0.250000  0.350000  0.000000
 0.100000  0.200000  0.150000  0.550000
 0.400000  0.150000  0.350000  0.100000
 0.350000  0.350000  0.000000  0.300000
 0.300000  0.200000  0.000000  0.500000
 0.150000  0.100000  0.000000  0.750000
 0.000000  0.200000  0.350000  0.450000
 0.400000  0.200000  0.050000  0.350000
 0.400000  0.200000  0.050000  0.350000
 0.850000  0.150000  0.000000  0.000000
 0.050000  0.650000  0.150000  0.150000
 0.400000  0.300000  0.300000  0.000000
 0.450000  0.350000  0.150000  0.050000
 0.750000  0.150000  0.000000  0.100000
 0.200000  0.000000  0.300000  0.500000
 0.550000  0.300000  0.000000  0.150000
