MEME version 5.5.3

ALPHABET= ACGT

strands: +

Background letter frequencies (from ../bac_arc_db_07112023_CRISPRDetect3_default_08042023_new_ref_200bp_no_repeat_triple_annotation_cleaned_above_200bp_VB_Bacillota_currated_uclust_75_bg.txt):
 A 0.278 C 0.222 G 0.222 T 0.278

MOTIF 1 MEME-1

letter-probability matrix: alength= 4 w= 12 nsites= 16 E= 2.4e-001
 0.812500  0.125000  0.000000  0.062500
 0.750000  0.125000  0.000000  0.125000
 0.062500  0.250000  0.625000  0.062500
 0.687500  0.125000  0.000000  0.187500
 0.000000  0.000000  0.125000  0.875000
 0.125000  0.625000  0.250000  0.000000
 0.062500  0.250000  0.187500  0.500000
 0.000000  0.875000  0.000000  0.125000
 0.375000  0.375000  0.125000  0.125000
 0.250000  0.250000  0.187500  0.312500
 0.000000  0.000000  0.000000  1.000000
 0.937500  0.000000  0.062500  0.000000


MOTIF 2 MEME-2

letter-probability matrix: alength= 4 w= 7 nsites= 16 E= 5.1e-001
 0.000000  0.000000  1.000000  0.000000
 0.812500  0.000000  0.187500  0.000000
 0.062500  0.000000  0.812500  0.125000
 0.000000  1.000000  0.000000  0.000000
 0.625000  0.000000  0.375000  0.000000
 0.062500  0.625000  0.062500  0.250000
 0.000000  0.937500  0.000000  0.062500
