MEME version 5.5.3

ALPHABET= ACGT

strands: +

Background letter frequencies (from ../bac_arc_db_07112023_CRISPRDetect3_default_08042023_new_ref_200bp_no_repeat_triple_annotation_cleaned_above_200bp_VK_Cyanobacteriota_currated_uclust_75_bg.txt):
 A 0.310 C 0.190 G 0.190 T 0.310

MOTIF 1 MEME-3

letter-probability matrix: alength= 4 w= 32 nsites= 18 E= 2.0e-002
 0.555556  0.000000  0.000000  0.444444
 0.222222  0.055556  0.111111  0.611111
 0.166667  0.111111  0.055556  0.666667
 0.277778  0.111111  0.111111  0.500000
 0.111111  0.055556  0.055556  0.777778
 0.277778  0.055556  0.055556  0.611111
 0.000000  0.000000  0.000000  1.000000
 0.055556  0.000000  0.000000  0.944444
 0.055556  0.000000  0.111111  0.833333
 0.000000  0.055556  0.000000  0.944444
 0.000000  0.000000  0.277778  0.722222
 0.055556  0.000000  0.944444  0.000000
 0.111111  0.222222  0.611111  0.055556
 0.222222  0.777778  0.000000  0.000000
 0.444444  0.111111  0.444444  0.000000
 0.666667  0.111111  0.166667  0.055556
 0.388889  0.333333  0.277778  0.000000
 0.111111  0.277778  0.222222  0.388889
 0.222222  0.666667  0.000000  0.111111
 0.388889  0.111111  0.388889  0.111111
 0.833333  0.000000  0.000000  0.166667
 0.888889  0.000000  0.000000  0.111111
 0.055556  0.000000  0.888889  0.055556
 0.055556  0.833333  0.000000  0.111111
 0.000000  0.055556  0.888889  0.055556
 0.166667  0.111111  0.722222  0.000000
 0.111111  0.000000  0.888889  0.000000
 0.000000  0.055556  0.888889  0.055556
 0.000000  0.000000  0.333333  0.666667
 0.000000  0.944444  0.000000  0.055556
 0.888889  0.000000  0.055556  0.055556
 1.000000  0.000000  0.000000  0.000000


MOTIF 2 MEME-3

letter-probability matrix: alength= 4 w= 19 nsites= 26 E= 1.2e-002
 0.038462  0.423077  0.000000  0.538462
 0.000000  0.192308  0.076923  0.730769
 0.538462  0.000000  0.307692  0.153846
 0.884615  0.038462  0.076923  0.000000
 1.000000  0.000000  0.000000  0.000000
 0.846154  0.000000  0.000000  0.153846
 0.307692  0.538462  0.038462  0.115385
 0.000000  0.653846  0.192308  0.153846
 0.000000  0.923077  0.000000  0.076923
 0.000000  0.076923  0.000000  0.923077
 0.076923  0.076923  0.038462  0.807692
 0.307692  0.076923  0.461538  0.153846
 0.230769  0.038462  0.000000  0.730769
 0.307692  0.461538  0.000000  0.230769
 0.115385  0.423077  0.115385  0.346154
 0.500000  0.000000  0.192308  0.307692
 0.346154  0.076923  0.384615  0.192308
 0.115385  0.269231  0.038462  0.576923
 0.769231  0.230769  0.000000  0.000000


MOTIF 3 MEME-3

letter-probability matrix: alength= 4 w= 17 nsites= 32 E= 2.1e-005
 0.062500  0.625000  0.000000  0.312500
 0.250000  0.218750  0.000000  0.531250
 0.281250  0.000000  0.531250  0.187500
 0.187500  0.093750  0.718750  0.000000
 0.125000  0.125000  0.531250  0.218750
 0.781250  0.000000  0.187500  0.031250
 0.000000  0.125000  0.812500  0.062500
 0.125000  0.093750  0.468750  0.312500
 0.093750  0.343750  0.125000  0.437500
 0.000000  0.281250  0.093750  0.625000
 0.000000  0.125000  0.031250  0.843750
 0.031250  0.000000  0.937500  0.031250
 0.093750  0.687500  0.000000  0.218750
 0.000000  0.781250  0.062500  0.156250
 0.750000  0.062500  0.187500  0.000000
 0.968750  0.000000  0.031250  0.000000
 0.937500  0.000000  0.031250  0.031250
