Array	IB_Euryarchaeota_motif_3_1	IB_Euryarchaeota_motif_3_1_pvalue	IB_Euryarchaeota_motif_3_2	IB_Euryarchaeota_motif_3_2_pvalue	IB_Euryarchaeota_motif_3_3	IB_Euryarchaeota_motif_3_3_pvalue
HQ641352.1_Array_1	34	0.805962915231	80	0.63175240109	35	0.572712971529
HQ641354.1_Array_1	80	0.63175240109	34	0.566539746516
HQ641354.1_Array_2	106	0.673322662662
MH310933.1_Array_1	80	0.63175240109	34	0.566539746516
MH310934.1_Array_1	34	0.805962915231	80	0.63175240109	35	0.572712971529
MH310935.1_Array_1	80	0.63175240109	34	0.566539746516
MN419153.1_Array_1	80	0.63175240109	34	0.566539746516
MW794140.1_Array_1	80	0.63175240109	34	0.566539746516
MW794140.1_Array_2	106	0.673322662662
MW794150.1_Array_1	80	0.63175240109	34	0.566539746516
MW794151.1_Array_1	80	0.63175240109	34	0.566539746516
MW794152.1_Array_1	80	0.63175240109	34	0.566539746516
MW794153.1_Array_1	80	0.63175240109	34	0.566539746516
MW794154.1_Array_1	80	0.63175240109	34	0.566539746516
MW794155.1_Array_1	80	0.63175240109	34	0.566539746516
MW794156.1_Array_1	80	0.63175240109	34	0.566539746516
MW794157.1_Array_1	80	0.63175240109	34	0.566539746516
MW794158.1_Array_1	80	0.63175240109	34	0.566539746516
MW794159.1_Array_1	80	0.63175240109	34	0.566539746516
MW794160.1_Array_1	80	0.63175240109	34	0.566539746516
MW794161.1_Array_1	80	0.63175240109	34	0.566539746516
MW794162.1_Array_1	80	0.63175240109	34	0.566539746516
MW794163.1_Array_1	80	0.63175240109	34	0.566539746516
MW794164.1_Array_1	80	0.63175240109	34	0.566539746516
MW794165.1_Array_1	80	0.63175240109	34	0.566539746516
MW794165.1_Array_2	106	0.673322662662
MW794166.1_Array_1	80	0.63175240109	34	0.566539746516
MW794167.1_Array_1	80	0.63175240109	34	0.566539746516
MW794168.1_Array_1	80	0.63175240109	34	0.566539746516
MW794168.1_Array_2	106	0.673322662662
MW794169.1_Array_1	80	0.63175240109	34	0.566539746516
MW794170.1_Array_1	80	0.63175240109	34	0.566539746516
MW794171.1_Array_1	80	0.63175240109	34	0.566539746516
MW794172.1_Array_1	80	0.63175240109	34	0.566539746516
MW794173.1_Array_1	80	0.63175240109	34	0.566539746516
MW794176.1_Array_1	80	0.63175240109	34	0.566539746516
MW794176.1_Array_2	106	0.673322662662
MW794177.1_Array_1	80	0.63175240109	34	0.566539746516
MW794179.1_Array_1	80	0.63175240109	34	0.566539746516
MW794180.1_Array_1	80	0.63175240109	34	0.566539746516
MW794182.1_Array_1	80	0.63175240109	34	0.566539746516
MW794183.1_Array_1	80	0.63175240109	34	0.566539746516
MW794188.1_Array_1	80	0.63175240109	34	0.566539746516
MW794190.1_Array_1	80	0.63175240109	34	0.566539746516
MZ292654.1_Array_1	80	0.63175240109	34	0.566539746516
