Array	IB_Bacillota_motif_6_1	IB_Bacillota_motif_6_1_pvalue	IB_Bacillota_motif_6_2	IB_Bacillota_motif_6_2_pvalue	IB_Bacillota_motif_6_3	IB_Bacillota_motif_6_3_pvalue
NC_000916.1_Array_1	69	0.679040816362
NC_000916.1_Array_2	69	0.679040816362
NC_002977.6_Array_2	159	0.611891178256
NC_003210.1_Array_1	151	0.607299373505
NC_003272.1_Array_9	180	0.607696322567
NC_003869.1_Array_1	167	0.780609099901
NC_003869.1_Array_3	135	0.842991580321	167	0.721388546361
NC_006177.1_Array_2	104	0.615653156516
NC_006391.1_Array_1	93	0.657889505188
NC_006392.1_Array_2	60	0.713124220515	93	0.657889505188
NC_006392.1_Array_3	60	0.713124220515	93	0.697277346336
NC_006510.1_Array_1	129	0.901185354886	160	0.853962074444
NC_006510.1_Array_3	162	0.941808538929	130	0.901185354886
NC_007426.1_Array_1	60	0.614051595156
NC_007503.1_Array_1	175	0.630136964744
NC_007503.1_Array_2	138	0.752961489694	171	0.630136964744
NC_007907.1_Array_1	102	0.842991580321	134	0.66800647493
NC_007907.1_Array_2	103	0.901185354886	135	0.651458495775
NC_007907.1_Array_4	103	0.901185354886	135	0.651458495775
NC_007907.1_Array_5	134	0.651458495775
NC_008148.1_Array_1	151	0.740723299944
NC_008148.1_Array_2	118	0.64405312295
NC_008212.1_Array_1	60	0.698894073043
NC_008346.1_Array_5	148	0.830019728501
NC_009012.1_Array_1	129	0.64532487536
NC_009012.1_Array_2	128	0.679040816362
NC_009012.1_Array_3	127	0.748855302422
NC_009253.1_Array_1	127	0.901185354886	159	0.780609099901
NC_009328.1_Array_1	128	1.0	160	0.941808538929
NC_009328.1_Array_2	130	1.0	162	0.941808538929
NC_009380.1_Array_2	141	0.63907328149
NC_009437.1_Array_3	126	0.694465588024	159	0.598026596573
NC_009616.1_Array_1	119	0.607299373505
NC_009718.1_Array_1	104	0.707647865191	136	0.642123371632
NC_010003.1_Array_1	126	0.607299373505
NC_010003.1_Array_2	126	0.607299373505
NC_010320.1_Array_1	137	0.842991580321	169	0.820291045975
NC_010320.1_Array_4	136	0.842991580321	168	0.784439777473
NC_010321.1_Array_1	169	0.721388546361
NC_010321.1_Array_7	164	0.698894073043	132	0.65634750302
NC_010337.2_Array_2	172	0.632083107604
NC_010546.1_Array_1	139	0.630136964744
NC_010553.1_Array_1_L	53	0.799359746927
NC_010553.1_Array_1_R	46	0.700889201743
NC_011001.1_Array_1	46	0.700889201743
NC_011297.1_Array_1	69	0.607299373505
NC_011297.1_Array_3	69	0.607299373505
NC_011420.2_Array_4	110	0.65841180779
NC_011567.1_Array_1	130	0.901185354886	162	0.853962074444
NC_011653.1_Array_9	104	0.707647865191	136	0.642123371632
NC_011660.1_Array_1	51	0.682248177775
NC_011661.1_Array_1	102	0.697277346336	69	0.607299373505
NC_011661.1_Array_2	102	0.697277346336	69	0.607299373505
NC_011662.2_Array_2	152	0.615293801721
NC_011830.1_Array_3	101	0.842991580321	133	0.651458495775
NC_011830.1_Array_5	103	0.901185354886	135	0.651458495775
NC_011891.1_Array_1	77	0.630931219515
NC_011959.1_Array_1	131	1.0	163	0.632901845944
NC_012030.1_Array_1_R	60	0.752961489694	92	0.626518968729
NC_012034.1_Array_3	126	0.694465588024	159	0.598026596573
NC_012034.1_Array_4	126	0.74010006786	159	0.598026596573
NC_012034.1_Array_5	126	0.74010006786	159	0.598026596573
NC_012034.1_Array_6	126	0.74010006786
NC_012034.1_Array_7	126	0.74010006786	159	0.598026596573
NC_013158.1_Array_1	92	0.795440072803
NC_013159.1_Array_4	181	0.686428037761
NC_013192.1_Array_2_L	52	0.604435497397
NC_013216.1_Array_11	160	0.721388546361	128	0.716907299114
NC_013216.1_Array_3	160	0.721388546361
NC_013216.1_Array_5	160	0.721388546361
NC_013216.1_Array_9	159	0.780609099901
NC_013385.1_Array_1	152	0.842991580321	184	0.671550397844
NC_013385.1_Array_2	153	0.915748783068	185	0.780609099901
NC_013385.1_Array_3	181	0.941808538929	149	0.915748783068
NC_013385.1_Array_6	181	0.941808538929	149	0.915748783068
NC_013501.1_Array_2	83	0.915748783068
NC_013501.1_Array_3	81	0.915748783068
NC_013517.1_Array_1	144	0.747449930516
NC_013517.1_Array_2	144	0.623093171554	52	0.612317511724
NC_013517.1_Array_3	52	0.644756554337	144	0.623093171554
NC_013526.1_Array_2	161	0.652726428862	129	0.622489385378
NC_013530.1_Array_2	28	0.64405312295
NC_013714.1_Array_1	123	0.623498858545
NC_013766.2_Array_1	151	0.607299373505
NC_013768.1_Array_1	151	0.607299373505
NC_013891.1_Array_1	51	0.64532487536	151	0.607299373505
NC_013891.1_Array_3	51	0.650523638558
NC_013921.1_Array_1	167	0.721388546361
NC_013921.1_Array_2	164	0.77336123688	132	0.65634750302
NC_013921.1_Array_4	135	0.901185354886	167	0.606434590038
NC_013923.1_Array_1	61	0.614051595156
NC_013939.1_Array_1	137	0.68050134711
NC_013940.1_Array_2	106	0.707647865191
NC_013966.1_Array_2	93	0.626518968729
NC_013967.1_Array_1	93	0.697277346336
NC_014098.1_Array_4	141	0.901185354886	173	0.601115518426
NC_014152.1_Array_5	185	0.941808538929	153	0.901185354886
NC_014152.1_Array_7	184	0.941808538929	152	0.901185354886
NC_014209.1_Array_2	167	0.721388546361
NC_014209.1_Array_3	136	0.901185354886	168	0.606434590038
NC_014318.1_Array_2	109	0.780609099901
NC_014318.1_Array_3	71	0.66800647493
NC_014377.1_Array_1	171	0.941808538929	139	0.915748783068
NC_014377.1_Array_2	171	0.941808538929	139	0.842991580321
NC_014377.1_Array_3	171	0.941808538929	139	0.915748783068
NC_014377.1_Array_5	139	1.0	171	0.941808538929
NC_014408.1_Array_1	69	0.679040816362
NC_014410.1_Array_1	135	0.835768828498
NC_014410.1_Array_2	134	0.890514117449
NC_014410.1_Array_4	124	0.842991580321	156	0.784439777473
NC_014410.1_Array_5	183	0.682248177775
NC_014652.1_Array_2	126	0.694465588024	159	0.598026596573
NC_014652.1_Array_5	126	0.694465588024	159	0.598026596573
NC_014657.1_Array_2	126	0.74010006786	159	0.659647216639
NC_014657.1_Array_3	126	0.74010006786	159	0.598026596573
NC_014664.1_Array_2	67	0.696012521127
NC_014720.1_Array_2	127	0.74010006786	160	0.598026596573
NC_014720.1_Array_3	126	0.74010006786	159	0.598026596573
NC_014720.1_Array_4	126	0.74010006786	159	0.598026596573
NC_014720.1_Array_5	126	0.74010006786	159	0.598026596573
NC_014720.1_Array_7	125	0.694465588024	158	0.598026596573
NC_014720.1_Array_8	126	0.694465588024	159	0.666403808168
NC_014721.1_Array_3	126	0.74010006786	159	0.598026596573
NC_014721.1_Array_4	127	0.74010006786	160	0.598026596573
NC_014721.1_Array_5	127	0.74010006786	160	0.598026596573
NC_014721.1_Array_6	126	0.74010006786	159	0.598026596573
NC_014721.1_Array_7	128	0.74010006786	160	0.598026596573
NC_014831.1_Array_2	183	0.698894073043
NC_014836.1_Array_2	12	0.64647676345
NC_014915.1_Array_1	131	0.901185354886	163	0.853962074444
NC_014915.1_Array_2	160	0.941808538929	128	0.901185354886
NC_014915.1_Array_4	163	0.941808538929	131	0.901185354886
NC_014915.1_Array_6	161	0.941808538929	129	0.901185354886
NC_014964.1_Array_1	169	0.721388546361
NC_014964.1_Array_5	164	0.698894073043	132	0.65634750302
NC_015416.1_Array_1	10	0.679523994793
NC_015510.1_Array_2	115	0.721388546361
NC_015514.1_Array_1	153	0.627594060597
NC_015519.1_Array_1	171	0.941808538929	139	0.842991580321
NC_015519.1_Array_2	171	0.941808538929	139	0.842991580321
NC_015519.1_Array_3	171	0.941808538929	139	0.915748783068
NC_015519.1_Array_4	171	0.941808538929	139	0.901185354886
NC_015520.1_Array_1	133	0.842991580321	165	0.601115518426
NC_015555.1_Array_1	123	0.71777898831	155	0.66800647493
NC_015555.1_Array_3	180	0.682248177775
NC_015589.1_Array_10	114	0.901185354886	146	0.704357995456
NC_015589.1_Array_6	114	0.901185354886
NC_015589.1_Array_7	114	0.901185354886
NC_015589.1_Array_8	114	0.901185354886
NC_015589.1_Array_9	113	0.901185354886	145	0.601115518426
NC_015660.1_Array_1	160	0.941808538929	128	0.65634750302
NC_015660.1_Array_3	162	0.673287984898	130	0.65634750302
NC_015660.1_Array_4	128	0.901185354886	160	0.606434590038
NC_015660.1_Array_5	129	0.901185354886	161	0.721388546361
NC_015703.1_Array_2	190	0.707273927802
NC_015707.1_Array_4	111	0.658762373973
NC_015943.1_Array_1	93	0.626518968729
NC_015949.1_Array_2	126	0.74010006786	159	0.598026596573
NC_015949.1_Array_3	126	0.74010006786	159	0.598026596573
NC_015949.1_Array_4	126	0.74010006786	159	0.598026596573
NC_015949.1_Array_5	126	0.74010006786	159	0.598026596573
NC_015949.1_Array_7	127	0.74010006786	160	0.598026596573
NC_015958.1_Array_1	164	0.77336123688	132	0.65634750302
NC_015958.1_Array_2	136	0.842991580321	168	0.784439777473
NC_015966.1_Array_1	81	0.915748783068
NC_015966.1_Array_2	81	0.915748783068	113	0.853962074444
NC_016011.1_Array_1	150	0.609636439307
NC_016011.1_Array_2	150	0.607299373505
NC_016023.1_Array_1	173	0.941808538929	141	0.901185354886
NC_016023.1_Array_2	141	0.901185354886	173	0.689185039404
NC_016148.1_Array_2	162	0.652726428862
NC_016593.1_Array_1	129	0.901185354886	161	0.853962074444
NC_016593.1_Array_2	161	0.941808538929	129	0.901185354886
NC_016609.1_Array_1	114	0.683011547854
NC_016946.1_Array_1_L	131	0.815526143869
NC_017075.1_Array_1	85	0.629799541034
NC_017186.1_Array_2	109	0.780609099901
NC_017186.1_Array_3	71	0.66800647493
NC_017221.1_Array_1	182	0.706902145685
NC_017262.1_Array_2	159	0.608015650045
NC_017304.1_Array_2	129	0.679040816362
NC_017304.1_Array_4	129	0.64532487536
NC_017304.1_Array_5	127	0.748855302422
NC_017459.1_Array_2	60	0.698894073043	93	0.626518968729
NC_017459.1_Array_3	93	0.626518968729
NC_017529.1_Array_2	51	0.682248177775
NC_017537.1_Array_2	51	0.682248177775
NC_017544.1_Array_1	152	0.607299373505
NC_017545.1_Array_1	152	0.607299373505
NC_017545.1_Array_2	51	0.682248177775
NC_017546.1_Array_1	151	0.607299373505
NC_017547.1_Array_1	151	0.607299373505
NC_017547.1_Array_2	51	0.682248177775
NC_017834.1_Array_1	112	0.63254968482
NC_017934.1_Array_6	160	0.626518968729	128	0.607299373505
NC_017934.1_Array_7	160	0.626518968729	128	0.607299373505
NC_017941.2_Array_1	60	0.698894073043	94	0.626518968729
NC_017941.2_Array_2	60	0.698894073043	93	0.626518968729
NC_017941.2_Array_3	60	0.662563148985	93	0.626518968729
NC_017944.1_Array_1	60	0.662563148985	93	0.626518968729
NC_017944.1_Array_2	60	0.662563148985
NC_017958.1_Array_2	165	0.865001824792
NC_017992.1_Array_1	123	0.835768828498	155	0.704357995456
NC_017992.1_Array_2	61	0.915748783068
NC_017992.1_Array_3	134	0.762665527505
NC_017992.1_Array_4	136	0.762665527505
NC_017992.1_Array_5	133	0.835768828498
NC_018012.1_Array_2	99	0.765821489778
NC_018017.1_Array_1	134	0.651458495775
NC_018017.1_Array_2	134	0.651458495775
NC_018024.1_Array_1	119	0.62041956013
NC_018024.1_Array_2	118	0.62041956013
NC_018178.1_Array_1	59	0.915748783068	91	0.853962074444
NC_018178.1_Array_3	59	1.0	91	0.941808538929
NC_018224.1_Array_1	92	0.697277346336
NC_018224.1_Array_2	92	0.657889505188
NC_018224.1_Array_3	60	0.662563148985
NC_018266.1_Array_2	109	0.780609099901
NC_018266.1_Array_3	71	0.66800647493
NC_018587.1_Array_1	51	0.682248177775
NC_018588.1_Array_1	151	0.607299373505
NC_018589.1_Array_1	151	0.607299373505
NC_018591.1_Array_1	51	0.682248177775
NC_018592.1_Array_1	152	0.607299373505
NC_018593.1_Array_1	150	0.607299373505
NC_018612.1_Array_1_L	131	0.815526143869
NC_018870.1_Array_10	106	0.901185354886	138	0.853962074444
NC_018870.1_Array_3	128	0.901185354886	160	0.784439777473
NC_019701.1_Array_3_R	86	0.657199616057
NC_019757.1_Array_12	129	0.609636439307
NC_019792.1_Array_1	60	0.662563148985	92	0.629799541034
NC_019897.1_Array_6	126	1.0	158	0.853962074444
NC_019897.1_Array_9	126	1.0	158	0.941808538929
NC_019952.1_Array_2_L	103	0.632901845944
NC_019954.2_Array_1	139	0.915748783068
NC_019954.2_Array_2	171	0.941808538929	139	0.842991580321
NC_019954.2_Array_3	171	0.941808538929	139	0.842991580321
NC_019954.2_Array_4	171	0.941808538929	139	0.915748783068
NC_019954.2_Array_5	171	0.941808538929	139	0.901185354886
NC_019958.1_Array_1	134	0.738871382732
NC_019970.1_Array_1	134	0.890514117449
NC_019970.1_Array_2	124	0.842991580321	156	0.784439777473
NC_020126.1_Array_5_L	33	0.63397001418
NC_020134.1_Array_1	104	0.607299373505
NC_020134.1_Array_2	104	0.607299373505
NC_020134.1_Array_3	104	0.607299373505
NC_020134.1_Array_4	82	0.607299373505
NC_020134.1_Array_5	139	0.607299373505
NC_020134.1_Array_8	104	0.607299373505
NC_020210.1_Array_1	161	0.941808538929	129	0.901185354886
NC_020210.1_Array_2	161	0.941808538929	129	0.901185354886
NC_020210.1_Array_3	129	0.901185354886	161	0.853962074444
NC_020210.1_Array_4	131	0.901185354886	163	0.721388546361
NC_020210.1_Array_5	161	0.941808538929	129	0.901185354886
NC_020887.2_Array_1	104	0.607299373505
NC_020887.2_Array_2	104	0.607299373505
NC_020887.2_Array_3	104	0.607299373505
NC_020887.2_Array_4	82	0.607299373505
NC_020887.2_Array_5	139	0.607299373505
NC_020887.2_Array_8	104	0.607299373505
NC_021064.1_Array_2	115	0.826374463824
NC_021169.1_Array_2	69	0.842991580321
NC_021184.1_Array_5	114	0.901185354886
NC_021235.1_Array_1	78	0.644756554337
NC_021658.1_Array_2	77	0.834954030057
NC_021715.1_Array_1_L	131	0.815526143869
NC_021823.1_Array_1	151	0.607299373505
NC_021823.1_Array_2	51	0.682248177775
NC_021826.1_Array_2	51	0.682248177775
NC_021837.1_Array_1	151	0.607299373505
NC_021838.1_Array_2	51	0.682248177775
NC_021921.1_Array_1	92	0.795440072803
NC_022080.4_Array_2	160	0.941808538929	128	0.901185354886
NC_022116.1_Array_2	109	0.780609099901
NC_022116.1_Array_3	71	0.66800647493
NC_022568.1_Array_1	152	0.607299373505
NC_023011.1_Array_1	93	0.626518968729
NZ_AP011952.1_Array_1	69	0.679040816362
NZ_AP012326.1_Array_1	123	0.623498858545
NZ_AP014800.1_Array_2	55	0.673287984898
NZ_AP014836.1_Array_1	87	0.601115518426
NZ_AP017375.1_Array_3_R	21	0.666403808168
NZ_AP017469.1_Array_4	181	0.697277346336
NZ_AP017558.1_Array_1	60	0.652089346953
NZ_AP017928.1_Array_2	20	0.759909262268
NZ_AP018216.1_Array_6	180	0.607696322567
NZ_AP018248.1_Array_1	189	0.607696322567
NZ_AP018248.1_Array_6	129	0.609636439307
NZ_AP018301.1_Array_2	179	0.713533771217
NZ_AP018336.1_Array_1	69	0.679040816362
NZ_AP018449.1_Array_1	173	0.915748783068
NZ_AP018449.1_Array_2	172	0.842991580321
NZ_AP018449.1_Array_3	176	0.915748783068
NZ_AP018449.1_Array_4	176	0.915748783068
NZ_AP018449.1_Array_5	173	0.941808538929	141	0.915748783068
NZ_AP018449.1_Array_6	172	0.941808538929	140	0.915748783068
NZ_AP018449.1_Array_7	173	0.842991580321
NZ_AP018449.1_Array_8	172	0.842991580321
NZ_AP018449.1_Array_9	151	0.915748783068	183	0.77336123688
NZ_AP018712.1_Array_2	171	0.765821489778
NZ_AP018907.1_Array_1	193	0.694465588024
NZ_AP019551.1_Array_1	128	0.842991580321	160	0.77336123688
NZ_AP019551.1_Array_2	128	0.842991580321	160	0.77336123688
NZ_AP019551.1_Array_3	128	0.842991580321	160	0.77336123688
NZ_AP019551.1_Array_4	128	0.842991580321	160	0.77336123688
NZ_AP019551.1_Array_5	128	0.842991580321	160	0.77336123688
NZ_AP019770.1_Array_3	183	0.620032728273
NZ_AP019781.1_Array_1	112	0.618320131601
NZ_AP019791.1_Array_2	120	0.641582454257
NZ_AP019796.1_Array_2	111	0.790513708738	143	0.66800647493
NZ_AP019796.1_Array_3	145	0.623093171554
NZ_AP019796.1_Array_8	82	0.915748783068
NZ_AP019796.1_Array_9	82	0.915748783068
NZ_AP019797.1_Array_10	82	0.915748783068
NZ_AP019797.1_Array_3	111	0.790513708738	143	0.66800647493
NZ_AP019797.1_Array_4	145	0.623093171554
NZ_AP019797.1_Array_9	82	0.915748783068
NZ_AP019827.1_Array_4	152	0.606200738354	52	0.604435497397
NZ_AP019827.1_Array_5_L	51	0.604435497397
NZ_AP019831.1_Array_1	52	0.604435497397
NZ_AP019831.1_Array_2_L	52	0.604435497397
NZ_AP019834.1_Array_3_R	152	0.606200738354	52	0.604435497397
NZ_AP019834.1_Array_4	52	0.604435497397
NZ_AP019845.1_Array_2	52	0.604435497397
NZ_AP019845.1_Array_3_L	52	0.604435497397
NZ_AP022213.1_Array_1	128	0.853962074444
NZ_AP022557.1_Array_1	130	1.0	162	0.941808538929
NZ_AP022557.1_Array_2	130	1.0	162	0.941808538929
NZ_AP022557.1_Array_3	128	1.0	160	0.941808538929
NZ_AP022557.1_Array_4_L	140	0.734746432994
NZ_AP022557.1_Array_5	129	1.0	161	0.941808538929
NZ_AP022557.1_Array_6	49	0.60323538801
NZ_AP022871.1_Array_2	7	0.608336566224
NZ_AP023027.1_Array_1	141	0.86330425264
NZ_AP023027.1_Array_2	51	0.692065161504
NZ_AP023322.1_Array_1	82	0.660544366273
NZ_AP024154.1_Array_1	80	0.612317511724
NZ_AP024154.1_Array_2	80	0.612317511724
NZ_AP024240.1_Array_1_L	131	0.815526143869
NZ_AP024243.1_Array_1_L	131	0.815526143869
NZ_AP024244.1_Array_1_L	131	0.815526143869
NZ_AP024251.1_Array_1_L	131	0.815526143869
NZ_AP024253.1_Array_1_L	131	0.815526143869
NZ_AP024254.1_Array_1_L	131	0.815526143869
NZ_AP024255.1_Array_1_L	131	0.815526143869
NZ_AP024257.1_Array_1_L	131	0.815526143869
NZ_AP024309.1_Array_3	116	0.826374463824
NZ_AP024320.1_Array_1	78	0.644756554337
NZ_AP024480.1_Array_3	128	0.74010006786	160	0.659647216639
NZ_AP024480.1_Array_4	126	0.74010006786	159	0.598026596573
NZ_AP024480.1_Array_5	126	0.694465588024	159	0.598026596573
NZ_AP024484.1_Array_1	82	0.622489385378
NZ_AP024563.1_Array_1	100	0.951893488805
NZ_AP024565.1_Array_3	138	0.609636439307
NZ_AP024619.1_Array_1	104	0.712717253747	136	0.606434590038
NZ_AP024619.1_Array_3	104	0.673729794973	136	0.606434590038
NZ_AP024745.1_Array_1	11	0.929953830536	61	0.696012521127
NZ_AP025179.1_Array_1_L	192	0.627594060597
NZ_AP025524.1_Array_1_L	192	0.627594060597
NZ_AP025590.1_Array_1	165	0.598026596573
NZ_AP025604.1_Array_3	27	0.614051595156
NZ_AP025621.1_Array_1	160	0.941808538929	128	0.65634750302
NZ_AP025621.1_Array_2	127	0.901185354886	159	0.748855302422
NZ_AP025621.1_Array_3	128	0.901185354886	160	0.809070358569
NZ_AP025621.1_Array_5	160	0.941808538929	128	0.65634750302
NZ_AP025621.1_Array_6	130	0.901185354886	162	0.721388546361
NZ_AP025621.1_Array_7	129	0.901185354886	161	0.606434590038
NZ_AP025621.1_Array_8	129	0.901185354886	161	0.721388546361
NZ_AP025627.1_Array_1	129	0.901185354886	161	0.601984272553
NZ_AP025627.1_Array_2	127	1.0	158	0.698242511757
NZ_AP025627.1_Array_3	161	0.941808538929	129	0.901185354886
NZ_AP025627.1_Array_4	131	0.901185354886	163	0.780609099901
NZ_AP025627.1_Array_5	162	0.941808538929	130	0.901185354886
NZ_AP025627.1_Array_6	162	0.941808538929	130	0.901185354886
NZ_AP025698.1_Array_2	69	0.72092614998
NZ_AP026073.1_Array_1_R	153	0.610130725395
NZ_AP026560.1_Array_2	8	1.05670878463
NZ_AP027369.1_Array_1	116	0.826374463824
NZ_AP028056.1_Array_1	159	0.657199616057
NZ_CM000914.1_Array_2	194	0.654183294226
NZ_CM000914.1_Array_3	166	0.657889505188
NZ_CM001019.1_Array_2	194	0.654183294226
NZ_CM001019.1_Array_3	166	0.657889505188
NZ_CM001022.1_Array_2	131	0.712717253747
NZ_CM001022.1_Array_3	13	0.647649596103
NZ_CM001166.1_Array_11	181	0.627920113619
NZ_CM001166.1_Array_3	181	0.627920113619
NZ_CM001166.1_Array_4	115	0.601693385842
NZ_CM001402.1_Array_2	83	0.627054274862
NZ_CM001483.1_Array_1	160	0.941808538929	128	0.65634750302
NZ_CM001483.1_Array_2	127	0.901185354886	159	0.748855302422
NZ_CM001483.1_Array_3	129	0.901185354886	161	0.606434590038
NZ_CM001483.1_Array_6	129	0.901185354886	161	0.721388546361
NZ_CM001486.1_Array_1	168	0.721388546361
NZ_CM001486.1_Array_2	167	0.77336123688	135	0.65634750302
NZ_CM001488.1_Array_3	83	0.633493087653
NZ_CM003382.1_Array_1	151	0.607299373505
NZ_CM003382.1_Array_2	51	0.682248177775
NZ_CP003562.2_Array_1	83	0.65634750302
NZ_CP003987.1_Array_3	156	0.716907299114
NZ_CP005286.1_Array_3	60	0.617666211255
NZ_CP006858.1_Array_1	151	0.607299373505
NZ_CP006859.1_Array_1	151	0.607299373505
NZ_CP006860.1_Array_1	151	0.607299373505
NZ_CP006861.1_Array_1	151	0.607299373505
NZ_CP006862.1_Array_1	151	0.607299373505
NZ_CP006940.1_Array_1	151	0.607299373505
NZ_CP007007.1_Array_1	151	0.607299373505
NZ_CP007008.1_Array_1	151	0.607299373505
NZ_CP007009.1_Array_1	151	0.607299373505
NZ_CP007010.1_Array_1	151	0.607299373505
NZ_CP007011.1_Array_1	151	0.607299373505
NZ_CP007017.1_Array_1	151	0.607299373505
NZ_CP007018.1_Array_1	151	0.607299373505
NZ_CP007019.1_Array_1	151	0.607299373505
NZ_CP007020.1_Array_1	151	0.607299373505
NZ_CP007021.1_Array_1	151	0.607299373505
NZ_CP007029.1_Array_2	121	0.759909262268
NZ_CP007029.1_Array_3	11	0.642123371632
NZ_CP007056.1_Array_1	53	0.71562146214
NZ_CP007160.1_Array_2	152	0.607299373505
NZ_CP007170.1_Array_1	152	0.607299373505
NZ_CP007171.1_Array_1	152	0.607299373505
NZ_CP007172.1_Array_1	150	0.609636439307
NZ_CP007194.1_Array_1	151	0.607299373505
NZ_CP007195.1_Array_1	151	0.607299373505
NZ_CP007196.1_Array_1	151	0.607299373505
NZ_CP007199.1_Array_1	151	0.607299373505
NZ_CP007200.1_Array_1	151	0.607299373505
NZ_CP007389.1_Array_1	119	0.607299373505
NZ_CP007527.1_Array_1	151	0.607299373505
NZ_CP007538.1_Array_1	151	0.607299373505
NZ_CP007551.1_Array_1	60	0.698894073043	93	0.626518968729
NZ_CP007551.1_Array_2	60	0.698894073043	93	0.626518968729
NZ_CP007551.1_Array_3	60	0.662563148985	93	0.626518968729
NZ_CP007554.1_Array_1	60	0.662563148985
NZ_CP007554.1_Array_2	60	0.662563148985	93	0.626518968729
NZ_CP007574.1_Array_4	149	0.8405911538
NZ_CP007684.1_Array_1	152	0.607299373505
NZ_CP007685.1_Array_1	152	0.607299373505
NZ_CP007687.1_Array_1	151	0.607299373505
NZ_CP007688.1_Array_1	152	0.607299373505
NZ_CP007689.1_Array_1	151	0.607299373505
NZ_CP007748.1_Array_1_L	60	0.710327942859
NZ_CP007748.1_Array_1_R	46	0.700889201743
NZ_CP007786.1_Array_1_L	54	0.799359746927
NZ_CP007786.1_Array_1_R	46	0.700889201743
NZ_CP008703.1_Array_1	151	0.607299373505
NZ_CP008765.1_Array_1	151	0.607299373505
NZ_CP008766.1_Array_1	151	0.607299373505
NZ_CP008767.1_Array_1	151	0.607299373505
NZ_CP008768.1_Array_1	151	0.607299373505
NZ_CP008769.1_Array_1	151	0.607299373505
NZ_CP008770.1_Array_1	151	0.607299373505
NZ_CP008771.1_Array_1	151	0.607299373505
NZ_CP008772.1_Array_1	151	0.607299373505
NZ_CP008773.1_Array_1	151	0.607299373505
NZ_CP008822.1_Array_3	183	0.620032728273
NZ_CP008836.1_Array_1	151	0.607299373505
NZ_CP008837.1_Array_1	151	0.607299373505
NZ_CP008874.1_Array_1	92	0.657889505188
NZ_CP008878.1_Array_1	145	0.726204515022
NZ_CP008879.1_Array_1	145	0.726204515022
NZ_CP008880.1_Array_1	145	0.726204515022
NZ_CP008881.1_Array_2	145	0.726204515022
NZ_CP008883.1_Array_1	145	0.726204515022
NZ_CP008902.1_Array_1	145	0.726204515022
NZ_CP008913.1_Array_1	173	0.784439777473
NZ_CP008934.1_Array_1	128	0.901185354886	160	0.853962074444
NZ_CP008934.1_Array_2	159	0.941808538929	127	0.901185354886
NZ_CP008934.1_Array_4	127	0.901185354886	159	0.853962074444
NZ_CP008981.1_Array_2	138	0.892855246061
NZ_CP008982.1_Array_2	138	0.892855246061
NZ_CP009170.1_Array_1	164	0.77336123688	132	0.65634750302
NZ_CP009170.1_Array_2	135	0.842991580321	167	0.721388546361
NZ_CP009170.1_Array_3	180	0.752961489694
NZ_CP009220.1_Array_1	90	0.745938585111
NZ_CP009242.1_Array_2	51	0.682248177775
NZ_CP009258.1_Array_1	151	0.607299373505
NZ_CP009439.1_Array_4	91	0.622489385378
NZ_CP009528.1_Array_1	140	0.683011547854
NZ_CP009530.1_Array_3	140	0.683011547854
NZ_CP009576.1_Array_2	152	0.609636439307
NZ_CP009577.1_Array_1	150	0.609636439307
NZ_CP009687.1_Array_1	171	0.601984272553
NZ_CP009706.1_Array_3	181	0.697277346336
NZ_CP009744.1_Array_1_L	40	0.763999221168
NZ_CP009744.1_Array_1_R	54	0.869914538657
NZ_CP009802.1_Array_1	107	0.606434590038
NZ_CP010451.1_Array_2	89	0.745938585111
NZ_CP010529.1_Array_2	102	0.623498858545
NZ_CP010848.1_Array_1	25	0.603533328581
NZ_CP011102.1_Array_1	51	0.609636439307	151	0.607299373505
NZ_CP011102.1_Array_6	183	0.614051595156	51	0.609636439307
NZ_CP011125.1_Array_4	54	0.614051595156
NZ_CP011382.1_Array_5_L	129	0.635790568293
NZ_CP011564.1_Array_1	92	0.657889505188
NZ_CP011666.1_Array_7	152	0.806069630603
NZ_CP011799.1_Array_3	166	0.642805960212
NZ_CP012024.1_Array_2	161	0.853962074444	129	0.65634750302
NZ_CP012024.1_Array_3	151	0.901185354886	183	0.853962074444
NZ_CP012024.1_Array_4	181	0.941808538929	149	0.842991580321
NZ_CP012024.1_Array_5	148	0.842991580321	180	0.739482799811
NZ_CP012098.1_Array_1_L	51	0.609636439307
NZ_CP012152.1_Array_1	161	0.941808538929	129	0.901185354886
NZ_CP012172.1_Array_3	183	0.620032728273
NZ_CP012173.1_Array_3	183	0.620032728273
NZ_CP012174.1_Array_3	183	0.620032728273
NZ_CP012175.1_Array_3	183	0.620032728273
NZ_CP012176.1_Array_3	183	0.620032728273
NZ_CP012266.1_Array_1	37	0.629799541034
NZ_CP012712.1_Array_1	128	0.901185354886	160	0.809070358569
NZ_CP012712.1_Array_2	127	0.901185354886	159	0.748855302422
NZ_CP012712.1_Array_3	160	0.941808538929	128	0.901185354886
NZ_CP012712.1_Array_4	129	0.901185354886	161	0.721388546361
NZ_CP012712.1_Array_5	129	0.901185354886
NZ_CP012712.1_Array_6	130	0.901185354886	162	0.721388546361
NZ_CP012712.1_Array_7	162	0.941808538929	130	0.65634750302
NZ_CP012712.1_Array_8	128	0.901185354886	160	0.809070358569
NZ_CP012712.1_Array_9	132	0.901185354886	164	0.748855302422
NZ_CP012939.1_Array_1	127	0.678561230369
NZ_CP012943.1_Array_2	127	0.678561230369
NZ_CP012982.1_Array_1_L	46	0.700889201743
NZ_CP012982.1_Array_1_R	60	0.710327942859
NZ_CP013140.1_Array_1	158	0.606200738354
NZ_CP013292.1_Array_1	25	0.603533328581
NZ_CP013391.1_Array_1	40	0.763999221168
NZ_CP013452.1_Array_1	46	0.700889201743
NZ_CP013722.1_Array_1	51	0.682248177775
NZ_CP013722.1_Array_2	151	0.607299373505
NZ_CP013723.1_Array_1	151	0.607299373505
NZ_CP013724.1_Array_1	151	0.607299373505
NZ_CP013828.1_Array_2	129	0.679040816362
NZ_CP013828.1_Array_4	129	0.64532487536
NZ_CP013828.1_Array_5	127	0.748855302422
NZ_CP013854.1_Array_1	174	0.74786833643
NZ_CP013919.1_Array_1	151	0.607299373505
NZ_CP014140.1_Array_1	160	0.901185354886	192	0.830019728501
NZ_CP014140.1_Array_2	192	0.941808538929	160	0.901185354886
NZ_CP014261.1_Array_1	152	0.607299373505
NZ_CP014342.1_Array_1	163	0.941808538929	131	0.901185354886
NZ_CP014342.1_Array_2	162	0.941808538929	130	0.901185354886
NZ_CP014342.1_Array_3	129	1.0	161	0.941808538929
NZ_CP014342.1_Array_4	129	1.0	161	0.941808538929
NZ_CP014342.1_Array_5	129	1.0	161	0.941808538929
NZ_CP014672.1_Array_1	104	0.607299373505
NZ_CP014672.1_Array_2	104	0.607299373505
NZ_CP014672.1_Array_3	104	0.607299373505
NZ_CP014672.1_Array_6_R	139	0.607299373505
NZ_CP014672.1_Array_8	139	0.607299373505
NZ_CP014672.1_Array_9	105	0.607299373505
NZ_CP014673.1_Array_1	104	0.607299373505
NZ_CP014673.1_Array_2	104	0.607299373505
NZ_CP014673.1_Array_3	83	0.607299373505
NZ_CP014673.1_Array_5	139	0.607299373505
NZ_CP014749.1_Array_1	131	0.901185354886	163	0.853962074444
NZ_CP014749.1_Array_2	162	0.941808538929	130	0.901185354886
NZ_CP014749.1_Array_3	161	0.941808538929	129	0.901185354886
NZ_CP014749.1_Array_4	129	0.901185354886	161	0.853962074444
NZ_CP014749.1_Array_5	128	0.901185354886	160	0.853962074444
NZ_CP014790.1_Array_1	152	0.607299373505
NZ_CP014859.1_Array_14	68	0.691187542267	96	0.627594060597
NZ_CP014859.1_Array_4	74	0.60898322847
NZ_CP014859.1_Array_9	190	0.617295497482
NZ_CP015036.1_Array_1_L	54	0.799359746927
NZ_CP015036.1_Array_1_R	46	0.700889201743
NZ_CP015379.1_Array_1	181	0.697277346336
NZ_CP015407.2_Array_1	111	0.63254968482
NZ_CP015435.1_Array_1	161	0.941808538929	129	0.901185354886
NZ_CP015435.1_Array_10	161	0.941808538929	129	0.901185354886
NZ_CP015435.1_Array_11	161	0.941808538929	129	0.901185354886
NZ_CP015435.1_Array_2	154	0.941808538929	122	0.901185354886
NZ_CP015435.1_Array_3	160	0.941808538929	128	0.901185354886
NZ_CP015435.1_Array_4	161	0.941808538929	129	0.901185354886
NZ_CP015435.1_Array_5	159	0.941808538929
NZ_CP015435.1_Array_6	160	0.941808538929	128	0.842991580321
NZ_CP015435.1_Array_7	130	0.754960582334	162	0.739482799811
NZ_CP015435.1_Array_8	161	0.941808538929	129	0.901185354886
NZ_CP015435.1_Array_9	161	0.941808538929	129	0.901185354886
NZ_CP015436.1_Array_1	161	0.941808538929	129	0.901185354886
NZ_CP015436.1_Array_10	161	0.941808538929	129	0.901185354886
NZ_CP015436.1_Array_11	161	0.941808538929	129	0.901185354886
NZ_CP015436.1_Array_2	130	0.754960582334	162	0.739482799811
NZ_CP015436.1_Array_3	160	0.941808538929	128	0.842991580321
NZ_CP015436.1_Array_4	159	0.941808538929
NZ_CP015436.1_Array_5	161	0.941808538929	129	0.901185354886
NZ_CP015436.1_Array_6	160	0.941808538929	128	0.901185354886
NZ_CP015436.1_Array_7	154	0.941808538929	122	0.901185354886
NZ_CP015436.1_Array_8	161	0.941808538929	129	0.901185354886
NZ_CP015436.1_Array_9	161	0.941808538929	129	0.901185354886
NZ_CP015438.1_Array_1	161	0.941808538929	129	0.65634750302
NZ_CP015964.1_Array_1_L	131	0.815526143869
NZ_CP015965.1_Array_1_L	131	0.815526143869
NZ_CP016076.1_Array_20	68	0.777323725152
NZ_CP016076.1_Array_6	129	0.845803338632
NZ_CP016077.1_Array_15	68	0.777323725152
NZ_CP016077.1_Array_4	130	0.796472159124
NZ_CP016087.1_Array_2	52	0.641179722342
NZ_CP016162.1_Array_1	129	0.790513708738
NZ_CP016379.1_Array_12	159	0.642123371632
NZ_CP016379.1_Array_13	159	0.721388546361
NZ_CP016379.1_Array_2	159	0.721388546361
NZ_CP016379.1_Array_3	159	0.642123371632
NZ_CP016379.1_Array_5	159	0.739482799811
NZ_CP016379.1_Array_6	159	0.941808538929
NZ_CP016379.1_Array_8	159	0.642123371632
NZ_CP016463.1_Array_1	117	0.642123371632
NZ_CP016502.1_Array_2	129	0.679040816362
NZ_CP016502.1_Array_4	129	0.64532487536
NZ_CP016502.1_Array_5	127	0.748855302422
NZ_CP016552.1_Array_1	130	0.901185354886	162	0.796472159124
NZ_CP016552.1_Array_3	161	0.941808538929	129	0.901185354886
NZ_CP016552.1_Array_4	161	0.941808538929	129	0.901185354886
NZ_CP016552.1_Array_5	161	0.941808538929	129	0.901185354886
NZ_CP016622.1_Array_1	128	0.901185354886	160	0.809070358569
NZ_CP016622.1_Array_2	127	0.901185354886	159	0.748855302422
NZ_CP016622.1_Array_3	160	0.941808538929	128	0.901185354886
NZ_CP016622.1_Array_4	129	0.901185354886	161	0.721388546361
NZ_CP016622.1_Array_5	129	0.901185354886
NZ_CP016622.1_Array_6	130	0.901185354886	162	0.721388546361
NZ_CP016622.1_Array_7	162	0.941808538929	130	0.65634750302
NZ_CP016622.1_Array_8	128	0.901185354886	160	0.809070358569
NZ_CP016622.1_Array_9	132	0.901185354886	164	0.748855302422
NZ_CP016803.1_Array_2	78	0.644756554337
NZ_CP016824.1_Array_5	107	0.606434590038
NZ_CP016893.1_Array_1	124	0.842991580321	156	0.784439777473
NZ_CP016893.1_Array_2	132	0.842991580321
NZ_CP016916.1_Array_1	128	0.901185354886	160	0.809070358569
NZ_CP016916.1_Array_2	127	0.901185354886	159	0.748855302422
NZ_CP016916.1_Array_3	160	0.941808538929	128	0.901185354886
NZ_CP016916.1_Array_4	129	0.901185354886	161	0.721388546361
NZ_CP016916.1_Array_5	129	0.901185354886
NZ_CP016916.1_Array_6	130	0.901185354886	162	0.721388546361
NZ_CP016916.1_Array_7	162	0.941808538929	130	0.65634750302
NZ_CP016916.1_Array_8	128	0.901185354886	160	0.809070358569
NZ_CP016916.1_Array_9	164	0.748855302422
NZ_CP017019.1_Array_1	135	0.730869488341	103	0.605273718534
NZ_CP017071.1_Array_3	128	1.0	160	0.941808538929
NZ_CP017071.1_Array_4	128	1.0	160	0.941808538929
NZ_CP017071.1_Array_5	161	0.941808538929	129	0.901185354886
NZ_CP017194.1_Array_1	24	0.652089346953
NZ_CP017603.1_Array_2	141	0.604435497397
NZ_CP017634.1_Array_1	148	0.683011547854
NZ_CP017690.1_Array_1	129	1.0	161	0.941808538929
NZ_CP017690.1_Array_2	128	1.0	160	0.941808538929
NZ_CP017691.1_Array_1	130	0.901185354886
NZ_CP017694.1_Array_1	128	1.0	160	0.941808538929
NZ_CP017694.1_Array_2	128	1.0	160	0.941808538929
NZ_CP017703.1_Array_2	159	0.941808538929	127	0.842991580321
NZ_CP017703.1_Array_3	161	0.941808538929	129	0.901185354886
NZ_CP017703.1_Array_4	129	0.901185354886	161	0.853962074444
NZ_CP017703.1_Array_5	161	0.941808538929	129	0.901185354886
NZ_CP017703.1_Array_6	129	0.901185354886	161	0.853962074444
NZ_CP017703.1_Array_7	128	0.901185354886	160	0.853962074444
NZ_CP018047.1_Array_3	69	0.702600284005
NZ_CP018058.1_Array_1	132	0.901185354886	164	0.853962074444	93	0.671550397844
NZ_CP018058.1_Array_10	129	0.901185354886	161	0.853962074444
NZ_CP018058.1_Array_2	162	0.941808538929	130	0.901185354886
NZ_CP018058.1_Array_8	161	0.941808538929	129	0.901185354886
NZ_CP018058.1_Array_9	129	0.901185354886	161	0.853962074444
NZ_CP018092.1_Array_2	171	0.793850867656
NZ_CP018099.1_Array_5	83	0.627054274862
NZ_CP018134.1_Array_1	44	0.630136964744
NZ_CP018191.1_Array_1	150	0.632901845944
NZ_CP018194.1_Array_1	150	0.632901845944
NZ_CP018196.1_Array_1	183	0.60323538801
NZ_CP018335.1_Array_1	136	0.626518968729
NZ_CP018685.1_Array_1	151	0.607299373505
NZ_CP019030.1_Array_1	78	0.644756554337
NZ_CP019164.1_Array_1	151	0.607299373505
NZ_CP019165.1_Array_1	151	0.607299373505
NZ_CP019167.1_Array_1	151	0.607299373505
NZ_CP019170.1_Array_1	151	0.607299373505
NZ_CP019229.1_Array_1	42	0.795440072803
NZ_CP019327.1_Array_1	92	0.697277346336
NZ_CP019606.1_Array_1_R	175	0.690035654177
NZ_CP019607.1_Array_2	71	0.649146276214
NZ_CP019617.1_Array_1	152	0.607299373505
NZ_CP019617.1_Array_2	51	0.682248177775
NZ_CP019618.1_Array_1	151	0.607299373505
NZ_CP019621.1_Array_1	150	0.607299373505
NZ_CP019623.1_Array_1	151	0.607299373505
NZ_CP019623.1_Array_2	51	0.682248177775
NZ_CP019666.1_Array_1	46	0.700889201743
NZ_CP019670.1_Array_1_L	54	0.869914538657
NZ_CP019670.1_Array_1_R	46	0.700889201743
NZ_CP019672.1_Array_1	46	0.700889201743
NZ_CP019676.1_Array_1	46	0.700889201743
NZ_CP019698.1_Array_1	114	0.901185354886	146	0.721388546361
NZ_CP019698.1_Array_5	128	0.901185354886	160	0.666403808168
NZ_CP019699.1_Array_1	149	0.901185354886	181	0.67112321735
NZ_CP019699.1_Array_2	152	0.790513708738	184	0.601115518426
NZ_CP019912.1_Array_1	127	0.722795962606
NZ_CP020030.1_Array_2	129	1.0	161	0.941808538929
NZ_CP020104.1_Array_1	113	0.704357995456
NZ_CP020104.1_Array_2	111	0.601115518426
NZ_CP020559.1_Array_2	141	0.604435497397
NZ_CP020568.1_Array_7	155	0.772947084453
NZ_CP020600.1_Array_1	46	0.700889201743
NZ_CP020664.1_Array_2	138	0.609636439307
NZ_CP020771.1_Array_2	138	0.609636439307
NZ_CP020771.1_Array_3	138	0.609636439307
NZ_CP020827.1_Array_1	151	0.607299373505
NZ_CP020827.1_Array_2	51	0.682248177775
NZ_CP020828.1_Array_1	151	0.607299373505
NZ_CP020828.1_Array_2	51	0.682248177775
NZ_CP020830.1_Array_1	151	0.607299373505
NZ_CP020831.1_Array_1	151	0.607299373505
NZ_CP020831.1_Array_2	51	0.682248177775
NZ_CP020832.1_Array_2	151	0.607299373505
NZ_CP020833.1_Array_1	51	0.682248177775
NZ_CP021067.1_Array_1	46	0.700889201743
NZ_CP021104.1_Array_2	78	0.644756554337
NZ_CP021118.1_Array_1	186	0.662563148985
NZ_CP021174.1_Array_1	151	0.607299373505
NZ_CP021174.1_Array_2	51	0.682248177775
NZ_CP021325.1_Array_1	151	0.607299373505
NZ_CP021387.1_Array_1	20	0.650833754631
NZ_CP021838.1_Array_1	161	0.941808538929	129	0.901185354886
NZ_CP021838.1_Array_2	162	0.941808538929	130	0.901185354886
NZ_CP021838.1_Array_3	161	0.941808538929	129	0.901185354886
NZ_CP021838.1_Array_4	162	0.941808538929	130	0.901185354886
NZ_CP021904.1_Array_2	82	0.86330425264
NZ_CP021929.1_Array_1	121	0.709550776604
NZ_CP021964.1_Array_1	78	0.644756554337
NZ_CP021971.1_Array_3	181	0.697277346336
NZ_CP021983.2_Array_3	138	0.609636439307
NZ_CP022084.2_Array_1_L	60	0.710327942859
NZ_CP022084.2_Array_1_R	46	0.700889201743
NZ_CP022121.1_Array_5	102	0.842991580321	134	0.651458495775
NZ_CP022521.1_Array_13	71	0.795440072803
NZ_CP022521.1_Array_15	153	0.834954030057
NZ_CP022521.1_Array_25	57	0.664647160517
NZ_CP022521.1_Array_3	75	0.711114586985
NZ_CP022521.1_Array_8	85	0.666403808168
NZ_CP022521.1_Array_9	108	0.768078420369
NZ_CP022961.1_Array_3	115	0.67976694807
NZ_CP023521.1_Array_1_L	46	0.700889201743
NZ_CP023521.1_Array_1_R	60	0.710327942859
NZ_CP023704.1_Array_1	180	0.941808538929	148	0.915748783068
NZ_CP023704.1_Array_2	182	0.941808538929	150	0.901185354886
NZ_CP023704.1_Array_3	151	0.901185354886	183	0.748855302422
NZ_CP023721.1_Array_1	181	0.626518968729
NZ_CP023752.1_Array_1	151	0.607299373505
NZ_CP023754.1_Array_1	151	0.607299373505
NZ_CP023778.1_Array_2	178	0.636658070575
NZ_CP023861.1_Array_1	151	0.607299373505
NZ_CP023977.1_Array_2	190	0.754960582334
NZ_CP024422.1_Array_2	117	0.796472159124
NZ_CP024845.1_Array_1	60	0.69664183362
NZ_CP024845.1_Array_4	93	0.669649978329	60	0.609636439307
NZ_CP024955.1_Array_10	138	0.901185354886	170	0.67112321735
NZ_CP024955.1_Array_3	118	0.604435497397
NZ_CP024985.1_Array_3	35	0.616835081403
NZ_CP024985.1_Array_4	35	0.616835081403
NZ_CP025018.1_Array_3	168	0.610130725395
NZ_CP025066.1_Array_2	102	0.623498858545
NZ_CP025074.1_Array_1	161	0.941808538929	129	0.901185354886
NZ_CP025074.1_Array_2	161	0.941808538929	129	0.901185354886
NZ_CP025074.1_Array_3	163	0.941808538929	131	0.901185354886
NZ_CP025074.1_Array_4	128	0.901185354886	160	0.853962074444
NZ_CP025082.1_Array_1	151	0.607299373505
NZ_CP025197.1_Array_1	128	0.808173208935
NZ_CP025197.1_Array_2	128	0.86330425264
NZ_CP025221.1_Array_1	150	0.607299373505
NZ_CP025249.1_Array_3	155	0.825669494852
NZ_CP025249.1_Array_5	171	0.77336123688
NZ_CP025259.1_Array_1	151	0.607299373505
NZ_CP025435.1_Array_3	105	0.692954886215
NZ_CP025438.1_Array_1	151	0.607299373505
NZ_CP025440.1_Array_1	151	0.607299373505
NZ_CP025442.1_Array_1	151	0.607299373505
NZ_CP025443.1_Array_1	151	0.607299373505
NZ_CP025560.1_Array_1	150	0.607299373505
NZ_CP025560.1_Array_2	51	0.682248177775
NZ_CP025567.1_Array_1	151	0.607299373505
NZ_CP025568.1_Array_1	151	0.607299373505
NZ_CP025581.1_Array_1	151	0.708782862548
NZ_CP026090.2_Array_1	127	0.722795962606
NZ_CP026092.2_Array_1	127	0.722795962606
NZ_CP026307.1_Array_1	127	0.678561230369
NZ_CP026309.1_Array_2	93	0.819649209646
NZ_CP026681.1_Array_9	190	0.607696322567
NZ_CP026682.1_Array_1	179	0.607696322567
NZ_CP026682.1_Array_2	179	0.607696322567
NZ_CP027029.1_Array_1	151	0.607299373505
NZ_CP027029.1_Array_2	51	0.682248177775
NZ_CP027236.1_Array_5	133	0.63254968482
NZ_CP027236.1_Array_8	123	0.775580267158
NZ_CP027303.2_Array_1	128	1.0	160	0.941808538929
NZ_CP027303.2_Array_2	128	1.0	160	0.941808538929
NZ_CP027303.2_Array_5	162	0.941808538929	130	0.901185354886
NZ_CP027562.1_Array_1	145	0.598715748629
NZ_CP027859.1_Array_2	194	0.654183294226
NZ_CP027859.1_Array_3	166	0.657889505188
NZ_CP027862.1_Array_6	104	0.66800647493
NZ_CP028183.1_Array_1	151	0.607299373505
NZ_CP028183.1_Array_2	51	0.682248177775
NZ_CP028287.1_Array_2	43	0.64647676345
NZ_CP028295.1_Array_2	43	0.64647676345
NZ_CP028297.1_Array_2	43	0.64647676345
NZ_CP028302.1_Array_2	43	0.77336123688
NZ_CP028392.1_Array_1	152	0.607299373505
NZ_CP028393.1_Array_1	152	0.607299373505
NZ_CP028394.1_Array_1	152	0.607299373505
NZ_CP028395.1_Array_1	152	0.607299373505
NZ_CP028396.1_Array_1	152	0.607299373505
NZ_CP028397.1_Array_1	152	0.607299373505
NZ_CP028398.1_Array_1	152	0.607299373505
NZ_CP028399.1_Array_1	152	0.607299373505
NZ_CP028400.1_Array_1	152	0.607299373505
NZ_CP028401.1_Array_1	152	0.607299373505
NZ_CP028402.1_Array_1	152	0.607299373505
NZ_CP028403.1_Array_1	152	0.607299373505
NZ_CP028404.1_Array_1	152	0.607299373505
NZ_CP028405.1_Array_1	152	0.607299373505
NZ_CP028406.1_Array_1	152	0.607299373505
NZ_CP028407.1_Array_1	152	0.607299373505
NZ_CP028408.1_Array_1	152	0.607299373505
NZ_CP028409.1_Array_1	152	0.607299373505
NZ_CP028410.1_Array_1	152	0.607299373505
NZ_CP028411.1_Array_1	152	0.607299373505
NZ_CP028412.1_Array_1	152	0.607299373505
NZ_CP028413.1_Array_1	152	0.607299373505
NZ_CP028420.1_Array_1	121	0.709550776604
NZ_CP028424.1_Array_1	121	0.709550776604
NZ_CP028460.1_Array_1	112	0.63254968482
NZ_CP028808.1_Array_1	54	0.869914538657
NZ_CP028903.1_Array_1	84	0.806069630603
NZ_CP029175.1_Array_1	150	0.607299373505
NZ_CP029372.1_Array_1	152	0.607299373505
NZ_CP029711.1_Array_1	98	0.620808725829
NZ_CP030101.1_Array_1	51	0.682248177775
NZ_CP030808.1_Array_1	51	0.682248177775
NZ_CP030809.1_Array_1	51	0.682248177775
NZ_CP030810.1_Array_1	51	0.682248177775
NZ_CP030811.1_Array_1	151	0.607299373505
NZ_CP030812.1_Array_1	151	0.607299373505
NZ_CP030813.1_Array_1	151	0.607299373505
NZ_CP030834.1_Array_1	51	0.682248177775
NZ_CP030835.1_Array_1	151	0.607299373505
NZ_CP030836.1_Array_1	151	0.607299373505
NZ_CP030837.1_Array_1	151	0.607299373505
NZ_CP030870.1_Array_1	151	0.607299373505
NZ_CP031078.1_Array_1	117	0.796472159124
NZ_CP031087.1_Array_5	33	0.68050134711
NZ_CP031092.1_Array_1	171	0.765821489778
NZ_CP031133.1_Array_1	139	0.706902145685
NZ_CP031156.1_Array_3	183	0.620032728273
NZ_CP031166.1_Array_1	96	0.621594172598
NZ_CP031195.1_Array_3	78	0.644756554337
NZ_CP031455.1_Array_3	192	0.721388546361
NZ_CP031606.1_Array_1	130	0.790513708738
NZ_CP031742.1_Array_9	162	0.616105183726
NZ_CP032402.1_Array_12	160	0.623498858545
NZ_CP032489.1_Array_1	82	0.62567161311	10	0.615293801721	114	0.599202573724
NZ_CP032550.1_Array_1_L	184	0.645754426463
NZ_CP032668.1_Array_1	151	0.607299373505
NZ_CP032669.1_Array_1	151	0.607299373505
NZ_CP032669.1_Array_2	51	0.682248177775
NZ_CP032671.1_Array_1	51	0.682248177775
NZ_CP033169.1_Array_1	183	0.941808538929	151	0.61071222081
NZ_CP033326.1_Array_3	55	0.614669708212
NZ_CP033326.1_Array_4	59	0.614669708212
NZ_CP033737.1_Array_1	51	0.682248177775
NZ_CP033737.1_Array_2	151	0.607299373505
NZ_CP033837.1_Array_2_L	142	0.682248177775	52	0.682248177775
NZ_CP033837.1_Array_3	183	0.60323538801
NZ_CP033837.1_Array_5_R	142	0.682248177775
NZ_CP033878.1_Array_1	92	0.795440072803
NZ_CP033896.1_Array_2	122	0.838561646473
NZ_CP033966.1_Array_1	135	0.64647676345
NZ_CP034099.1_Array_1	78	0.644756554337
NZ_CP034145.1_Array_1	94	0.626518968729
NZ_CP034193.1_Array_3	78	0.644756554337
NZ_CP034195.1_Array_2	127	0.678561230369
NZ_CP034199.1_Array_2	127	0.678561230369
NZ_CP034437.1_Array_3	146	0.64647676345
NZ_CP034541.1_Array_1	182	0.941808538929	150	0.901185354886
NZ_CP034541.1_Array_2	182	0.941808538929	150	0.915748783068
NZ_CP034541.1_Array_3	148	0.915748783068	180	0.721388546361
NZ_CP034541.1_Array_4	150	0.901185354886	182	0.780609099901
NZ_CP034554.1_Array_1_L	60	0.710327942859
NZ_CP034554.1_Array_1_R	46	0.700889201743
NZ_CP034691.1_Array_1	93	0.626518968729
NZ_CP034771.1_Array_2	150	0.609636439307
NZ_CP034772.1_Array_1	51	0.682248177775	151	0.607299373505
NZ_CP034772.1_Array_3	51	0.650523638558
NZ_CP034834.1_Array_2	51	0.619648202432
NZ_CP034842.1_Array_1	183	0.60323538801
NZ_CP034842.1_Array_2_R	142	0.682248177775	52	0.682248177775
NZ_CP034842.1_Array_4_L	142	0.682248177775
NZ_CP034952.1_Array_3	162	0.941808538929	130	0.901185354886
NZ_CP034952.1_Array_4	162	0.941808538929	130	0.901185354886
NZ_CP034952.1_Array_5	162	0.941808538929	130	0.901185354886
NZ_CP035055.1_Array_1	78	0.644756554337
NZ_CP035119.1_Array_1	93	0.697277346336
NZ_CP035119.1_Array_2	92	0.830019728501
NZ_CP035119.1_Array_3	93	0.865001824792
NZ_CP035120.1_Array_1	93	0.795440072803
NZ_CP035156.1_Array_2_L	121	0.709550776604
NZ_CP035282.1_Array_1	125	0.768078420369	157	0.737071153737
NZ_CP035282.1_Array_3	126	0.80287321042	158	0.737071153737
NZ_CP035282.1_Array_4	126	0.63397001418
NZ_CP035282.1_Array_7	158	0.673287984898
NZ_CP035319.1_Array_1	166	0.63397001418
NZ_CP035319.1_Array_2	172	0.63397001418
NZ_CP035495.1_Array_5	39	0.76205245007
NZ_CP035510.1_Array_1	6	0.623093171554
NZ_CP036172.1_Array_2	74	0.609636439307
NZ_CP036259.1_Array_1	135	0.67112321735
NZ_CP036259.1_Array_2	102	0.842991580321	134	0.784439777473
NZ_CP036259.1_Array_3	136	0.602349735394
NZ_CP036259.1_Array_4	103	0.842991580321	135	0.784439777473
NZ_CP036259.1_Array_5	136	0.704357995456
NZ_CP036259.1_Array_6	102	0.842991580321	134	0.601115518426
NZ_CP036345.1_Array_7	51	0.692065161504
NZ_CP036345.1_Array_8	141	0.86330425264
NZ_CP036402.1_Array_1	27	0.729803281936
NZ_CP037895.1_Array_4	183	0.698894073043
NZ_CP037895.1_Array_5	137	0.698894073043
NZ_CP037977.1_Array_1	25	0.603533328581
NZ_CP037978.1_Array_1	25	0.603533328581
NZ_CP037979.1_Array_1	25	0.603533328581
NZ_CP037990.1_Array_1	25	0.603533328581
NZ_CP038203.1_Array_1	183	0.65841180779
NZ_CP038642.1_Array_1	51	0.682248177775
NZ_CP038642.1_Array_2	151	0.607299373505
NZ_CP038860.1_Array_1	161	0.941808538929	129	0.901185354886
NZ_CP038860.1_Array_2	161	0.941808538929	129	0.901185354886
NZ_CP039124.1_Array_1	79	0.71562146214
NZ_CP039139.1_Array_1	60	0.698894073043	93	0.626518968729
NZ_CP039139.1_Array_2	60	0.698894073043	92	0.626518968729
NZ_CP039139.1_Array_3	60	0.662563148985	93	0.626518968729
NZ_CP039140.1_Array_1	60	0.662563148985
NZ_CP039140.1_Array_2	60	0.662563148985	93	0.626518968729
NZ_CP039710.1_Array_1	136	0.941808538929	104	0.901185354886
NZ_CP040093.1_Array_1	136	0.941808538929	104	0.924537726073
NZ_CP040094.1_Array_1	179	0.607696322567
NZ_CP040272.1_Array_2	129	0.609636439307
NZ_CP040299.1_Array_2	153	0.707647865191
NZ_CP040428.1_Array_4	176	0.765821489778
NZ_CP041211.1_Array_1	152	0.607299373505
NZ_CP041213.1_Array_1	51	0.682248177775
NZ_CP041632.1_Array_2	130	0.901185354886	162	0.721388546361
NZ_CP041632.1_Array_4	130	0.901185354886	162	0.809070358569
NZ_CP042240.1_Array_1	94	0.687516739029
NZ_CP042251.1_Array_1	129	0.901185354886	161	0.853962074444
NZ_CP042251.1_Array_2	161	0.941808538929	129	0.901185354886
NZ_CP042429.1_Array_1	22	0.627594060597
NZ_CP042431.1_Array_1	82	0.742629961482	114	0.599202573724
NZ_CP042937.1_Array_1	69	0.679040816362
NZ_CP042937.1_Array_2	69	0.607299373505
NZ_CP043480.1_Array_2	69	0.679040816362
NZ_CP044013.1_Array_1	69	0.72092614998
NZ_CP044013.1_Array_3	69	0.72092614998
NZ_CP044129.1_Array_2	60	0.662563148985
NZ_CP044354.1_Array_3	78	0.644756554337
NZ_CP044429.1_Array_1	152	0.607299373505
NZ_CP045034.1_Array_2	78	0.644756554337
NZ_CP045073.1_Array_1	59	0.658762373973
NZ_CP045850.1_Array_5	166	0.657889505188
NZ_CP045850.1_Array_6	194	0.654183294226
NZ_CP045969.1_Array_1	151	0.607299373505
NZ_CP045969.1_Array_2	51	0.682248177775
NZ_CP045970.1_Array_1	152	0.607299373505
NZ_CP045970.1_Array_2	51	0.682248177775
NZ_CP045972.1_Array_1	151	0.607299373505
NZ_CP046051.1_Array_1	151	0.614051595156
NZ_CP046058.1_Array_4	137	0.609636439307
NZ_CP046058.1_Array_5	138	0.609636439307
NZ_CP046156.1_Array_1	129	0.647354382687
NZ_CP046161.1_Array_3	151	0.614051595156
NZ_CP046361.1_Array_1	150	0.607299373505
NZ_CP046361.1_Array_2	51	0.682248177775
NZ_CP046362.1_Array_1	150	0.607299373505
NZ_CP046362.1_Array_2	51	0.682248177775
NZ_CP046401.1_Array_2	82	0.605273718534
NZ_CP046457.1_Array_2	117	1.0	149	0.941808538929
NZ_CP046457.1_Array_3	116	1.0	148	0.941808538929
NZ_CP046457.1_Array_4	117	1.0	149	0.941808538929
NZ_CP046457.1_Array_5	117	0.915748783068	149	0.77336123688
NZ_CP046457.1_Array_6	117	1.0	149	0.941808538929
NZ_CP046608.1_Array_2_L	40	0.763999221168
NZ_CP046608.1_Array_2_R	54	0.869914538657
NZ_CP046629.1_Array_1	101	0.600329310125
NZ_CP046919.1_Array_1	101	0.600329310125
NZ_CP047047.1_Array_1	53	0.637159075182
NZ_CP047147.1_Array_3	107	0.606434590038
NZ_CP047158.1_Array_2	161	0.941808538929	129	0.901185354886
NZ_CP047158.1_Array_3	161	0.941808538929	129	0.901185354886
NZ_CP047158.1_Array_4	130	0.901185354886	162	0.780609099901
NZ_CP047158.1_Array_5	159	0.941808538929	127	0.842991580321
NZ_CP047158.1_Array_6	159	0.941808538929
NZ_CP047158.1_Array_7	161	0.941808538929	129	0.901185354886
NZ_CP047158.1_Array_8	160	0.941808538929	128	0.901185354886
NZ_CP047158.1_Array_9	161	0.941808538929	129	0.901185354886
NZ_CP047602.1_Array_1	123	0.835768828498	155	0.704357995456
NZ_CP047602.1_Array_2	61	0.915748783068
NZ_CP047971.1_Array_1	140	0.901185354886	172	0.704357995456
NZ_CP047972.1_Array_1	139	0.901185354886	171	0.704357995456
NZ_CP048103.1_Array_1	127	0.901185354886	159	0.853962074444
NZ_CP048103.1_Array_2	126	0.901185354886	158	0.853962074444
NZ_CP048104.1_Array_1	181	0.853962074444	149	0.624939199512
NZ_CP048104.1_Array_2	149	0.901185354886	181	0.853962074444
NZ_CP048104.1_Array_3	181	0.853962074444	149	0.842991580321
NZ_CP048104.1_Array_4	181	0.941808538929	149	0.842991580321
NZ_CP048104.1_Array_5	181	0.853962074444	149	0.842991580321
NZ_CP048400.1_Array_2	152	0.607299373505
NZ_CP048401.1_Array_2	51	0.682248177775
NZ_CP048407.1_Array_1	150	0.697277346336
NZ_CP048407.1_Array_3	182	0.698894073043	150	0.697277346336
NZ_CP048617.1_Array_5	104	0.72092614998
NZ_CP048617.1_Array_6	173	0.941808538929	141	0.901185354886
NZ_CP048617.1_Array_7	104	0.72092614998	136	0.621594172598
NZ_CP048617.1_Array_8	142	0.901185354886	174	0.739482799811
NZ_CP048738.1_Array_1	92	0.626518968729
NZ_CP048738.1_Array_2	93	0.626518968729
NZ_CP048738.1_Array_5	92	0.626518968729
NZ_CP048738.1_Array_6	93	0.626518968729
NZ_CP048738.1_Array_7	93	0.697277346336
NZ_CP048739.1_Array_1	93	0.626518968729
NZ_CP048739.1_Array_2	93	0.626518968729
NZ_CP048739.1_Array_3	60	0.662563148985
NZ_CP049703.1_Array_1	159	0.941808538929	127	0.842991580321
NZ_CP049703.1_Array_2	164	0.941808538929	132	0.754960582334
NZ_CP049836.1_Array_1	176	0.924537726073
NZ_CP049945.1_Array_1	141	0.684043634174
NZ_CP050026.1_Array_2	152	0.607299373505
NZ_CP050027.1_Array_2	152	0.607299373505
NZ_CP050028.1_Array_1	151	0.607299373505
NZ_CP050029.1_Array_1	151	0.607299373505
NZ_CP050030.1_Array_1	51	0.682248177775
NZ_CP050030.1_Array_2	152	0.607299373505
NZ_CP050129.1_Array_1	152	0.607299373505
NZ_CP050150.1_Array_2	181	0.697277346336
NZ_CP050177.1_Array_4	119	0.698242511757
NZ_CP050504.1_Array_1	145	0.65634750302
NZ_CP051155.1_Array_1	117	0.744064892661
NZ_CP051162.1_Array_2	161	0.941808538929	129	0.901185354886
NZ_CP051162.1_Array_3	162	0.941808538929	130	0.901185354886
NZ_CP051162.1_Array_4	163	0.941808538929	131	0.901185354886
NZ_CP051171.1_Array_1	127	0.627594060597
NZ_CP051175.1_Array_1	127	0.606904852282
NZ_CP051205.1_Array_1	81	0.842991580321	113	0.780609099901
NZ_CP051296.1_Array_1	126	0.678561230369
NZ_CP052758.1_Array_1	147	0.632901845944
NZ_CP053301.1_Array_1	46	0.700889201743
NZ_CP053907.1_Array_1	80	0.605273718534
NZ_CP054039.1_Array_1	151	0.607299373505
NZ_CP054041.1_Array_2	151	0.607299373505
NZ_CP054042.1_Array_2	150	0.607299373505
NZ_CP054394.1_Array_1	147	0.915748783068	179	0.77336123688
NZ_CP054394.1_Array_2	149	1.0	181	0.77336123688
NZ_CP054587.1_Array_1	114	0.709550776604
NZ_CP054698.1_Array_14	189	0.607696322567
NZ_CP054708.1_Array_1	123	0.615293801721
NZ_CP054708.1_Array_2	93	0.853962074444
NZ_CP054817.1_Array_1_L	54	0.799359746927
NZ_CP054817.1_Array_1_R	46	0.700889201743
NZ_CP054836.1_Array_1_L	126	0.636658070575
NZ_CP054922.1_Array_1	16	0.634692081632
NZ_CP056032.1_Array_1	82	0.725706412015	114	0.704357995456
NZ_CP058322.1_Array_6	124	0.661821715318
NZ_CP058559.1_Array_1_R	141	0.657889505188
NZ_CP058594.1_Array_1	140	0.901185354886	172	0.853962074444
NZ_CP058601.1_Array_1	60	0.662563148985	92	0.602349735394
NZ_CP058601.1_Array_2	93	0.697277346336	60	0.662563148985
NZ_CP058649.1_Array_1	133	0.795440072803
NZ_CP058910.1_Array_1	94	0.743083077376	121	0.656857418868
NZ_CP058910.1_Array_2	93	0.743083077376
NZ_CP059066.1_Array_2	159	0.666403808168	127	0.65634750302
NZ_CP059066.1_Array_5	91	0.642123371632
NZ_CP059732.1_Array_1	113	0.688345495854
NZ_CP059732.1_Array_2	113	0.601115518426
NZ_CP060040.1_Array_1	46	0.700889201743
NZ_CP060096.1_Array_1	169	0.665812927527
NZ_CP060096.1_Array_2	169	0.941808538929	137	0.603832651711
NZ_CP060096.1_Array_3	168	0.739482799811
NZ_CP060172.1_Array_1_L	121	0.709550776604
NZ_CP060182.1_Array_1	121	0.709550776604
NZ_CP060429.1_Array_1	152	0.607299373505
NZ_CP060430.1_Array_1	152	0.607299373505
NZ_CP060431.1_Array_1	152	0.607299373505
NZ_CP060432.1_Array_1	152	0.607299373505
NZ_CP060433.1_Array_1	152	0.607299373505
NZ_CP060434.1_Array_1	152	0.607299373505
NZ_CP060435.1_Array_1	152	0.607299373505
NZ_CP060698.1_Array_1	82	0.742629961482
NZ_CP061080.1_Array_2	184	0.848409916256
NZ_CP061336.1_Array_2	140	0.74010006786
NZ_CP061470.1_Array_1	131	0.901185354886	163	0.721388546361
NZ_CP061470.1_Array_2	162	0.941808538929	130	0.901185354886
NZ_CP061470.1_Array_3	129	0.901185354886	161	0.853962074444
NZ_CP061470.1_Array_5	161	0.941808538929	129	0.901185354886
NZ_CP061470.1_Array_6	129	0.901185354886	161	0.853962074444
NZ_CP061471.1_Array_1	162	0.941808538929	130	0.901185354886
NZ_CP061471.1_Array_2	161	0.941808538929	129	0.901185354886
NZ_CP061471.1_Array_3	161	0.941808538929	129	0.901185354886
NZ_CP061471.1_Array_4	161	0.941808538929	129	0.901185354886
NZ_CP061471.1_Array_5	129	0.901185354886	161	0.853962074444
NZ_CP061472.1_Array_1	162	0.941808538929	130	0.901185354886
NZ_CP061472.1_Array_3	128	1.0	160	0.941808538929
NZ_CP061472.1_Array_4	128	1.0	160	0.941808538929
NZ_CP061473.1_Array_1	129	1.0	161	0.941808538929
NZ_CP061473.1_Array_2	130	1.0	162	0.941808538929
NZ_CP061473.1_Array_5	129	1.0	161	0.941808538929
NZ_CP061474.1_Array_1	130	0.901185354886	162	0.721388546361
NZ_CP061474.1_Array_3	6	0.59976348177
NZ_CP061474.1_Array_4	161	0.941808538929	129	0.901185354886
NZ_CP061474.1_Array_6	127	1.0	159	0.941808538929
NZ_CP061725.1_Array_2	132	0.628357430676
NZ_CP061742.1_Array_1	25	0.603533328581
NZ_CP061814.1_Array_1	151	0.607299373505
NZ_CP061947.1_Array_1	81	0.742629961482
NZ_CP062124.1_Array_1	51	0.682248177775
NZ_CP062126.1_Array_1	152	0.607299373505
NZ_CP062395.1_Array_1	72	0.658762373973
NZ_CP062938.1_Array_1	104	0.59976348177
NZ_CP062948.1_Array_1	124	0.842080920223
NZ_CP063162.1_Array_1	162	0.941808538929	130	0.901185354886
NZ_CP063162.1_Array_2	162	0.941808538929	130	0.901185354886
NZ_CP063162.1_Array_3	163	0.941808538929	131	0.901185354886
NZ_CP063162.1_Array_4	162	0.941808538929	130	0.901185354886
NZ_CP063162.1_Array_7	162	0.941808538929	130	0.901185354886
NZ_CP063240.1_Array_1	151	0.607299373505
NZ_CP063381.1_Array_1	151	0.607299373505
NZ_CP063414.1_Array_1	129	0.901185354886	161	0.721388546361
NZ_CP063414.1_Array_2	128	0.901185354886	160	0.606434590038
NZ_CP063414.1_Array_3	130	0.901185354886	162	0.721388546361
NZ_CP063414.1_Array_5	126	0.901185354886	158	0.809070358569
NZ_CP063414.1_Array_6	127	0.901185354886	159	0.748855302422
NZ_CP063414.1_Array_7	160	0.941808538929	128	0.901185354886
NZ_CP063785.1_Array_2	189	0.607696322567
NZ_CP063844.1_Array_3	151	0.708782862548
NZ_CP063845.1_Array_2	129	0.627054274862
NZ_CP064060.1_Array_1	131	0.901185354886	163	0.606434590038
NZ_CP064324.1_Array_1	69	0.679040816362
NZ_CP064324.1_Array_2	69	0.679040816362
NZ_CP064337.1_Array_1	69	0.679040816362
NZ_CP064337.1_Array_2	69	0.679040816362
NZ_CP064337.1_Array_3	69	0.679040816362
NZ_CP064782.1_Array_3	183	0.60323538801
NZ_CP064786.1_Array_1	102	0.607299373505
NZ_CP064791.1_Array_1	163	0.616105183726
NZ_CP064843.1_Array_1	151	0.607299373505
NZ_CP064879.1_Array_7	189	0.607696322567
NZ_CP064939.1_Array_1	133	0.629463873222
NZ_CP065311.1_Array_1	111	0.63254968482
NZ_CP065383.1_Array_1	183	0.630136964744	151	0.607299373505
NZ_CP065383.1_Array_2	151	0.607299373505
NZ_CP065628.1_Array_1_L	173	0.784439777473
NZ_CP066023.1_Array_1_L	173	0.784439777473
NZ_CP067088.1_Array_2	78	0.644756554337
NZ_CP067097.1_Array_1	129	0.901185354886
NZ_CP067336.1_Array_2	134	0.63254968482
NZ_CP068150.1_Array_1	151	0.607299373505
NZ_CP068169.1_Array_1_L	173	0.784439777473
NZ_CP068286.1_Array_1	127	0.722795962606
NZ_CP068392.1_Array_1	151	0.607299373505
NZ_CP068549.1_Array_2	115	0.826374463824
NZ_CP068564.1_Array_1	138	0.842991580321	170	0.739482799811
NZ_CP068564.1_Array_3	137	0.624939199512	169	0.606434590038
NZ_CP068564.1_Array_4	138	0.842991580321
NZ_CP068599.1_Array_1	150	0.607299373505
NZ_CP069376.1_Array_1	69	0.679040816362
NZ_CP069513.1_Array_1	173	0.784439777473
NZ_CP070242.1_Array_5	131	0.775580267158
NZ_CP070249.1_Array_4	131	0.775580267158
NZ_CP070254.1_Array_6	131	0.775580267158
NZ_CP070304.1_Array_1	147	0.624939199512
NZ_CP070337.2_Array_1	60	0.662563148985
NZ_CP070376.1_Array_1	60	0.662563148985
NZ_CP070376.1_Array_2	60	0.662563148985
NZ_CP070376.1_Array_3	60	0.662563148985
NZ_CP070858.1_Array_2	78	0.644756554337
NZ_CP070960.1_Array_3_L	117	0.80287321042
NZ_CP070999.1_Array_2	78	0.644756554337
NZ_CP071000.1_Array_2	78	0.644756554337
NZ_CP071001.1_Array_2	78	0.644756554337
NZ_CP071446.1_Array_5	141	0.607299373505
NZ_CP071892.1_Array_2_L	121	0.709550776604
NZ_CP072378.1_Array_3_L	52	0.60898322847
NZ_CP072426.1_Array_1	189	0.602349735394
NZ_CP072426.1_Array_3	61	0.619648202432
NZ_CP072503.1_Array_1	123	0.623498858545
NZ_CP072829.1_Array_2	72	0.684828682634	51	0.641582454257
NZ_CP072875.1_Array_4	183	0.60323538801
NZ_CP072915.1_Array_1	39	0.744928057621
NZ_CP073280.1_Array_2	129	0.619648202432
NZ_CP073280.1_Array_3	51	0.609636439307
NZ_CP073669.1_Array_1_L	54	0.799359746927
NZ_CP073669.1_Array_1_R	46	0.700889201743
NZ_CP073676.1_Array_1	46	0.700889201743
NZ_CP073704.1_Array_1	46	0.700889201743
NZ_CP073766.1_Array_1	115	0.721388546361
NZ_CP073766.1_Array_2	83	0.915748783068	115	0.721388546361
NZ_CP073766.1_Array_3	114	0.784439777473
NZ_CP073779.1_Array_2	119	0.641582454257
NZ_CP074104.1_Array_1	151	0.607299373505
NZ_CP074380.1_Array_1	120	0.640514040285
NZ_CP074380.1_Array_3	178	0.674398236384
NZ_CP075175.1_Array_10	165	0.941808538929	133	0.901185354886
NZ_CP075175.1_Array_11	165	0.941808538929	133	0.901185354886
NZ_CP075175.1_Array_12	165	0.941808538929	133	0.901185354886
NZ_CP075175.1_Array_13	165	0.941808538929	133	0.901185354886
NZ_CP075175.1_Array_8	163	0.901185354886
NZ_CP075175.1_Array_9	165	0.941808538929	133	0.901185354886
NZ_CP075872.1_Array_1	151	0.607299373505
NZ_CP075873.1_Array_1	51	0.682248177775
NZ_CP075873.1_Array_2	152	0.607299373505
NZ_CP075874.1_Array_1	152	0.607299373505
NZ_CP075874.1_Array_2	51	0.682248177775
NZ_CP075875.1_Array_1	151	0.607299373505
NZ_CP075876.1_Array_1	151	0.607299373505
NZ_CP075877.1_Array_1	150	0.607299373505
NZ_CP075878.1_Array_1	151	0.607299373505
NZ_CP075878.1_Array_2	51	0.682248177775
NZ_CP076051.1_Array_1	151	0.607299373505
NZ_CP076051.1_Array_2	51	0.682248177775
NZ_CP076125.1_Array_1	151	0.607299373505
NZ_CP076380.1_Array_1_L	131	0.815526143869
NZ_CP076382.1_Array_1_L	131	0.815526143869
NZ_CP076625.1_Array_1	151	0.607299373505
NZ_CP076644.1_Array_2	51	0.682248177775
NZ_CP078064.1_Array_1	60	0.698894073043
NZ_CP078064.1_Array_2	60	0.698894073043
NZ_CP078065.1_Array_1	60	0.698894073043
NZ_CP078071.1_Array_1	46	0.700889201743
NZ_CP079096.1_Array_1	159	0.611891178256
NZ_CP079097.1_Array_2	159	0.611891178256
NZ_CP079098.1_Array_1	105	0.612746681763
NZ_CP079098.1_Array_2	159	0.611891178256
NZ_CP079105.1_Array_1	75	0.637790853189
NZ_CP079112.1_Array_4	151	0.708782862548
NZ_CP079113.1_Array_5	151	0.708782862548
NZ_CP080029.1_Array_4	18	0.639332855357
NZ_CP080764.1_Array_4	160	0.901185354886	192	0.830019728501
NZ_CP080765.1_Array_1	192	0.941808538929	160	0.901185354886
NZ_CP080953.1_Array_1	127	0.901185354886	159	0.666403808168
NZ_CP080953.1_Array_6	127	0.901185354886	159	0.721388546361
NZ_CP081183.1_Array_7	60	0.72092614998
NZ_CP081183.1_Array_8	60	0.810347707614	92	0.657889505188
NZ_CP081183.1_Array_9	60	0.752961489694	92	0.657889505188
NZ_CP081497.1_Array_4	35	0.701568197685
NZ_CP081869.1_Array_1	52	0.846768504054
NZ_CP081916.1_Array_1	114	0.674398236384	82	0.600329310125
NZ_CP082215.1_Array_3	55	0.614669708212
NZ_CP082215.1_Array_4	59	0.614669708212
NZ_CP082237.1_Array_3	137	0.901185354886	169	0.721388546361
NZ_CP082237.1_Array_4	136	0.901185354886	168	0.721388546361
NZ_CP082237.1_Array_6	137	0.901185354886	169	0.606434590038
NZ_CP082248.1_Array_1	60	0.752961489694	92	0.697277346336
NZ_CP082359.1_Array_2	78	0.644756554337
NZ_CP083685.1_Array_2	83	0.600329310125
NZ_CP083757.1_Array_4	188	0.68050134711
NZ_CP084016.1_Array_3	145	0.692065161504
NZ_CP084911.1_Array_1	73	0.674398236384
NZ_CP085524.1_Array_5	149	0.64405312295
NZ_CP085931.1_Array_1	130	0.605273718534
NZ_CP086233.1_Array_2	194	0.654183294226
NZ_CP086237.1_Array_1	52	0.641179722342
NZ_CP086322.1_Array_1	133	0.657889505188
NZ_CP087263.1_Array_1	150	0.901185354886	182	0.721388546361
NZ_CP087263.1_Array_2	149	0.901185354886	181	0.853962074444
NZ_CP087263.1_Array_3	160	0.941808538929	128	0.901185354886
NZ_CP087263.1_Array_4	150	0.901185354886	182	0.721388546361
NZ_CP087264.1_Array_1	51	0.682248177775
NZ_CP087722.1_Array_1	93	0.795440072803
NZ_CP088081.1_Array_1	52	0.622489385378
NZ_CP088235.1_Array_2	127	0.678561230369
NZ_CP088237.1_Array_1	127	0.606904852282
NZ_CP088911.1_Array_3	169	0.674398236384
NZ_CP089090.1_Array_1	151	0.607299373505
NZ_CP089094.1_Array_4	138	0.609636439307
NZ_CP089094.1_Array_5	138	0.609636439307
NZ_CP089214.1_Array_1	157	0.770120164894
NZ_CP089220.1_Array_1_L	131	0.815526143869
NZ_CP089222.1_Array_1_L	131	0.815526143869
NZ_CP089305.1_Array_1	78	0.644756554337
NZ_CP089468.1_Array_1	60	0.810347707614
NZ_CP089468.1_Array_2	60	0.810347707614
NZ_CP089980.1_Array_2	81	1.0	113	0.780609099901
NZ_CP089980.1_Array_3	82	0.652407101383
NZ_CP090052.1_Array_1	150	0.607299373505
NZ_CP090054.1_Array_1	150	0.607299373505
NZ_CP090054.1_Array_2	51	0.682248177775
NZ_CP090484.1_Array_1	46	0.700889201743
NZ_CP090557.1_Array_1	113	0.601115518426
NZ_CP090636.1_Array_1	54	0.869914538657
NZ_CP090641.1_Array_1_L	40	0.763999221168
NZ_CP090641.1_Array_1_R	54	0.869914538657
NZ_CP090677.1_Array_1_L	46	0.700889201743
NZ_CP090677.1_Array_1_R	54	0.799359746927
NZ_CP090764.1_Array_1_L	46	0.700889201743
NZ_CP090764.1_Array_1_R	54	0.799359746927
NZ_CP091131.1_Array_1	141	0.901185354886
NZ_CP091244.1_Array_10	19	0.641582454257
NZ_CP091820.1_Array_3	107	0.606434590038
NZ_CP092056.1_Array_1	150	0.607299373505
NZ_CP092056.1_Array_2	51	0.682248177775
NZ_CP092057.1_Array_1	151	0.607299373505
NZ_CP092058.1_Array_1	152	0.607299373505
NZ_CP092061.1_Array_1	151	0.607299373505
NZ_CP092074.1_Array_1	71	0.915748783068	103	0.663691527944
NZ_CP092074.1_Array_3	70	0.683011547854	102	0.66800647493
NZ_CP092109.1_Array_1	116	0.76205245007
NZ_CP092431.1_Array_2	179	0.845803338632
NZ_CP093014.1_Array_3	180	0.60898322847
NZ_CP093220.1_Array_1	151	0.607299373505
NZ_CP094532.1_Array_2	114	0.704357995456	82	0.63254968482
NZ_CP094655.1_Array_2	78	0.644756554337
NZ_CP094851.1_Array_3	155	0.60898322847
NZ_CP095005.1_Array_1	92	0.716047232787
NZ_CP095005.1_Array_2	194	0.598026596573
NZ_CP095009.1_Array_2	122	0.690035654177	102	0.623498858545
NZ_CP095385.1_Array_1	78	0.644756554337
NZ_CP095494.1_Array_1	92	0.613092085634
NZ_CP095497.1_Array_1_L	46	0.700889201743
NZ_CP095497.1_Array_1_R	60	0.710327942859
NZ_CP095757.1_Array_1	93	0.697277346336
NZ_CP095757.1_Array_2	60	0.810347707614	93	0.697277346336
NZ_CP096148.1_Array_1	151	0.658762373973
NZ_CP096151.1_Array_2	151	0.607299373505
NZ_CP096153.1_Array_1	151	0.607299373505
NZ_CP096153.1_Array_2	51	0.682248177775
NZ_CP096155.1_Array_1	152	0.607299373505
NZ_CP096156.1_Array_1	151	0.607299373505
NZ_CP096159.1_Array_1	51	0.682248177775
NZ_CP096270.1_Array_1	60	0.698894073043	92	0.632901845944
NZ_CP096864.1_Array_1_L	121	0.709550776604
NZ_CP096980.1_Array_1	115	0.765821489778
NZ_CP096980.1_Array_10	115	0.765821489778	147	0.689185039404
NZ_CP096980.1_Array_11	115	0.765821489778	147	0.689185039404
NZ_CP096980.1_Array_12	117	0.765821489778	149	0.689185039404
NZ_CP096980.1_Array_13	115	0.765821489778	147	0.615293801721
NZ_CP096980.1_Array_14	115	0.765821489778	147	0.689185039404
NZ_CP096980.1_Array_2	117	0.765821489778	149	0.689185039404
NZ_CP096980.1_Array_3	116	0.716907299114
NZ_CP096980.1_Array_4	147	0.765821489778
NZ_CP096980.1_Array_5	115	0.765821489778	147	0.650523638558
NZ_CP096980.1_Array_6	115	0.765821489778	147	0.689185039404
NZ_CP096980.1_Array_7	115	0.765821489778	147	0.689185039404
NZ_CP096980.1_Array_8	115	0.765821489778	147	0.689185039404
NZ_CP096980.1_Array_9	147	0.689185039404
NZ_CP097000.1_Array_1	111	0.63254968482
NZ_CP097161.1_Array_1	159	0.611891178256
NZ_CP098437.1_Array_2	113	0.76205245007
NZ_CP098497.1_Array_1_L	54	0.799359746927
NZ_CP098497.1_Array_1_R	46	0.700889201743
NZ_CP098507.1_Array_1	51	0.682248177775
NZ_CP098507.1_Array_2	151	0.607299373505
NZ_CP098514.1_Array_1	93	0.626518968729
NZ_CP098608.1_Array_1	110	0.816939433995
NZ_CP099531.1_Array_2	192	0.628357430676
NZ_CP099993.1_Array_1	94	0.853962074444	61	0.63254968482
NZ_CP099993.1_Array_3	94	0.853962074444	61	0.63254968482
NZ_CP099994.1_Array_1	94	0.853962074444	61	0.63254968482
NZ_CP100402.1_Array_1	60	0.662563148985	93	0.626518968729
NZ_CP100402.1_Array_2	92	0.626518968729
NZ_CP100402.1_Array_3	92	0.626518968729
NZ_CP100402.1_Array_4	60	0.662563148985	93	0.626518968729
NZ_CP100402.1_Array_5	93	0.626518968729
NZ_CP100402.1_Array_6	93	0.626518968729
NZ_CP100404.1_Array_1	92	0.853962074444	60	0.698894073043
NZ_CP100416.1_Array_2	109	0.780609099901
NZ_CP100454.1_Array_1	60	0.63254968482	93	0.626518968729
NZ_CP100454.1_Array_2	93	0.743083077376	60	0.698894073043
NZ_CP101140.1_Array_19	178	0.659647216639
NZ_CP101153.1_Array_1	60	0.688345495854
NZ_CP101322.1_Array_3	92	0.697277346336
NZ_CP101456.1_Array_1	92	0.626518968729
NZ_CP101591.1_Array_3	37	0.629799541034
NZ_CP101595.1_Array_1	37	0.629799541034
NZ_CP101688.1_Array_2	78	0.644756554337
NZ_CP101824.1_Array_1	93	0.697277346336
NZ_CP101824.1_Array_2	93	0.697277346336
NZ_CP101989.1_Array_1	165	0.77336123688
NZ_CP102254.1_Array_1	141	0.86330425264
NZ_CP102254.1_Array_2	51	0.692065161504
NZ_CP102328.1_Array_1	128	0.853962074444
NZ_CP102352.1_Array_1	190	0.784439777473
NZ_CP102355.1_Array_1	190	0.784439777473
NZ_CP102359.1_Array_2	110	0.816939433995
NZ_CP102415.1_Array_1	165	0.669649978329
NZ_CP102463.1_Array_1_L	40	0.763999221168
NZ_CP102463.1_Array_1_R	54	0.741352612437
NZ_CP102476.1_Array_1_L	54	0.799359746927
NZ_CP102476.1_Array_1_R	46	0.700889201743
NZ_CP102483.1_Array_1	54	0.869914538657
NZ_CP102532.1_Array_2	78	0.644756554337
NZ_CP102826.1_Array_1	68	0.62110214871
NZ_CP102826.1_Array_2	68	0.62110214871
NZ_CP102975.1_Array_2	29	0.658762373973
NZ_CP103108.1_Array_1	83	0.86330425264
NZ_CP103141.1_Array_1	114	0.674398236384	82	0.600329310125
NZ_CP103274.1_Array_1	114	0.674398236384	82	0.600329310125
NZ_CP103852.1_Array_1	127	0.627594060597
NZ_CP104195.1_Array_3	128	0.679040816362
NZ_CP104195.1_Array_4	128	0.64532487536
NZ_CP104195.1_Array_5	127	0.748855302422
NZ_CP104322.1_Array_1	92	0.795440072803
NZ_CP104322.1_Array_2	92	0.657889505188
NZ_CP104390.1_Array_2	140	0.901185354886	172	0.853962074444
NZ_CP104392.1_Array_1	51	0.609636439307
NZ_CP104550.1_Array_2	69	0.72092614998
NZ_CP104550.1_Array_4	69	0.72092614998
NZ_CP104579.1_Array_2	130	0.790513708738
NZ_CP104741.1_Array_1	92	0.687516739029	60	0.662563148985
NZ_CP104741.1_Array_2	93	0.697277346336
NZ_CP104743.1_Array_1	93	0.626518968729
NZ_CP104762.1_Array_1	51	0.612317511724
NZ_CP104762.1_Array_2	51	0.609636439307
NZ_CP104764.1_Array_1	52	0.612317511724
NZ_CP104764.1_Array_2	51	0.609636439307
NZ_CP104864.1_Array_1	40	0.607696322567
NZ_CP106794.1_Array_2	41	0.622489385378
NZ_CP106797.1_Array_2	128	0.622489385378
NZ_CP106877.1_Array_1	181	0.941808538929	149	0.901185354886
NZ_CP106877.1_Array_2	181	0.941808538929	149	0.901185354886
NZ_CP106877.1_Array_3	183	0.941808538929	151	0.901185354886
NZ_CP106877.1_Array_4	181	0.941808538929	149	0.901185354886
NZ_CP106878.1_Array_1	182	0.941808538929	150	0.901185354886
NZ_CP106878.1_Array_2	182	0.941808538929	150	0.901185354886
NZ_CP106878.1_Array_3	182	0.941808538929	150	0.901185354886
NZ_CP106878.1_Array_5	182	0.941808538929	150	0.901185354886
NZ_CP106878.1_Array_6	182	0.941808538929	150	0.64405312295
NZ_CP106878.1_Array_7	182	0.941808538929	150	0.901185354886
NZ_CP106966.1_Array_1	93	0.626518968729
NZ_CP106966.1_Array_2	93	0.697277346336
NZ_CP106968.1_Array_1	92	0.626518968729
NZ_CP106968.1_Array_2	93	0.626518968729
NZ_CP107254.1_Array_1	92	0.865001824792
NZ_CP107254.1_Array_2	92	0.657889505188
NZ_CP107547.1_Array_4	106	0.748855302422
NZ_CP107547.1_Array_5	106	0.748855302422
NZ_CP107547.1_Array_6	106	0.748855302422
NZ_CP107547.1_Array_7_R	106	0.748855302422
NZ_CP107547.1_Array_8	106	0.748855302422
NZ_CP109850.1_Array_1	49	0.865001824792
NZ_CP109982.1_Array_1	45	0.627594060597
NZ_CP109982.1_Array_3	45	0.627594060597
NZ_CP110139.1_Array_1	103	0.658762373973
NZ_CP110252.1_Array_1	45	0.627594060597
NZ_CP110415.1_Array_1	90	0.662563148985	178	0.622489385378
NZ_CP110416.1_Array_2	90	0.662563148985	178	0.622489385378
NZ_CP110622.1_Array_2	72	0.915748783068
NZ_CP110622.1_Array_3	73	0.915748783068
NZ_CP110622.1_Array_4	105	0.853962074444	73	0.849415194039
NZ_CP110623.1_Array_1	105	0.941808538929	73	0.71777898831
NZ_CP110623.1_Array_3	106	0.853962074444	74	0.629799541034
NZ_CP110623.1_Array_4	105	0.853962074444	73	0.849415194039
NZ_CP110798.1_Array_1	78	0.644756554337
NZ_CP110856.1_Array_1	136	0.697277346336
NZ_CP110856.1_Array_2	136	0.626518968729
NZ_CP110888.1_Array_4	163	0.77336123688	131	0.65634750302
NZ_CP110888.1_Array_6	168	0.721388546361
NZ_CP110889.1_Array_1	104	0.607299373505
NZ_CP110889.1_Array_2	103	0.607299373505
NZ_CP110889.1_Array_3	104	0.607299373505
NZ_CP110889.1_Array_4	82	0.607299373505
NZ_CP110889.1_Array_5	139	0.607299373505
NZ_CP112878.1_Array_1	45	0.618885959956
NZ_CP113104.1_Array_3	151	0.708782862548
NZ_CP113264.1_Array_1	105	0.697277346336
NZ_CP113836.1_Array_1	49	0.620032728273
NZ_CP113836.1_Array_2	164	0.647354382687
NZ_CP113866.1_Array_3	126	0.74010006786	159	0.598026596573
NZ_CP113915.1_Array_2	134	0.713533771217
NZ_CP114200.1_Array_7	154	0.682248177775
NZ_CP114205.1_Array_9	20	0.842991580321
NZ_CP114254.1_Array_1	150	0.607299373505
NZ_CP114905.1_Array_1	25	0.748855302422
NZ_CP115041.1_Array_1	51	0.682248177775
NZ_CP115043.1_Array_1	151	0.607299373505
NZ_CP115706.1_Array_4	107	0.616560400992
NZ_CP115942.1_Array_1	127	0.722795962606
NZ_CP115952.1_Array_2	129	0.722795962606
NZ_CP115955.1_Array_2	127	0.627594060597
NZ_CP116337.1_Array_6	126	0.694465588024	159	0.598026596573
NZ_CP116619.1_Array_2	190	0.681744237564
NZ_CP116808.1_Array_1	72	0.609636439307
NZ_CP116808.1_Array_2	72	0.609636439307
NZ_CP118092.1_Array_1	78	0.644756554337
NZ_CP118396.1_Array_1	135	0.941808538929	104	0.901185354886
NZ_CP118396.1_Array_3	136	0.941808538929	104	0.901185354886
NZ_CP118396.1_Array_6	137	0.941808538929	105	0.901185354886
NZ_CP118396.1_Array_8	136	0.941808538929	104	0.901185354886
NZ_CP119145.1_Array_12	80	0.642123371632
NZ_CP119753.1_Array_1	182	0.627054274862
NZ_CP119812.1_Array_1	92	0.626518968729
NZ_CP119812.1_Array_2	60	0.698894073043	93	0.626518968729
NZ_CP119812.1_Array_3	93	0.626518968729
NZ_CP119812.1_Array_4	60	0.698894073043	93	0.626518968729
NZ_CP119812.1_Array_5	10	0.62452438124
NZ_CP119992.1_Array_1	60	0.698894073043	93	0.626518968729
NZ_CP119992.1_Array_2	94	0.853962074444	61	0.662563148985
NZ_CP119992.1_Array_3	60	0.698894073043
NZ_CP119992.1_Array_4	94	0.743083077376	187	0.645754426463
NZ_CP120206.1_Array_1	173	0.784439777473
NZ_CP120737.1_Array_4	69	0.727722326671
NZ_CP120849.1_Array_1	114	0.639724185287	82	0.607299373505
NZ_CP120861.1_Array_3	67	0.632083107604
NZ_CP120861.1_Array_5_L	90	0.74786833643
NZ_CP121215.1_Array_1	103	0.901185354886	135	0.853962074444
NZ_CP121215.1_Array_2	101	0.901185354886	133	0.853962074444
NZ_CP121215.1_Array_3	135	0.941808538929	103	0.901185354886
NZ_CP121248.1_Array_1	105	0.692954886215
NZ_CP121270.1_Array_1	176	0.924537726073
NZ_CP121468.1_Array_2	78	0.644756554337
NZ_CP122330.1_Array_1	51	0.682248177775
NZ_CP124222.1_Array_10	150	0.901185354886
NZ_CP124222.1_Array_11	150	0.901185354886	182	0.853962074444
NZ_CP124222.1_Array_12	148	0.901185354886	180	0.721388546361
NZ_CP124222.1_Array_13	148	1.0	180	0.721388546361
NZ_CP124222.1_Array_8	149	0.901185354886	181	0.721388546361
NZ_CP124222.1_Array_9	181	0.853962074444
NZ_CP126342.1_Array_1	128	0.853962074444
NZ_CP127175.1_Array_1	60	0.662563148985	92	0.607696322567
NZ_CP128449.1_Array_1	161	0.941808538929	129	0.901185354886
NZ_CP128449.1_Array_2	161	0.941808538929	129	0.901185354886
NZ_CP128449.1_Array_3	162	0.941808538929	130	0.901185354886
NZ_CP128449.1_Array_4	160	0.941808538929	128	0.901185354886
NZ_CP128453.1_Array_2	161	0.941808538929	129	0.901185354886
NZ_CP128453.1_Array_3	161	0.941808538929	129	0.901185354886
NZ_CP128453.1_Array_4	160	0.941808538929	128	0.901185354886
NZ_CP128453.1_Array_5	162	0.941808538929	130	0.901185354886
NZ_CP128454.1_Array_1	161	0.941808538929	129	0.901185354886
NZ_CP128454.1_Array_2	161	0.941808538929	129	0.901185354886
NZ_CP128458.1_Array_2	161	0.941808538929	129	0.901185354886
NZ_CP128458.1_Array_3	163	0.941808538929	131	0.901185354886
NZ_CP128458.1_Array_4	161	0.941808538929	129	0.901185354886
NZ_CP128459.1_Array_1	161	0.941808538929	129	0.901185354886
NZ_CP128459.1_Array_2	161	0.941808538929	129	0.901185354886
NZ_CP128459.1_Array_3	162	0.941808538929	130	0.901185354886
NZ_CP128459.1_Array_4	160	0.941808538929	129	0.901185354886
NZ_CP128459.1_Array_6	162	0.941808538929	130	0.901185354886
NZ_HG813247.1_Array_1	151	0.607299373505
NZ_HG813249.1_Array_2	151	0.607299373505
NZ_HG813249.1_Array_3	51	0.682248177775
NZ_HG916826.1_Array_1	130	0.790513708738
NZ_JAKFAD010000001.1_Array_1	49	0.700889201743
NZ_JAKFAK010000001.1_Array_1_L	54	0.799359746927
NZ_JAKFAK010000001.1_Array_1_R	49	0.700889201743
NZ_LN824141.1_Array_2	126	0.63907328149
NZ_LN831303.1_Array_1	93	0.687516739029
NZ_LN831303.1_Array_2	93	0.657889505188
NZ_LN831303.1_Array_4	92	0.657889505188
NZ_LN850107.1_Array_2	86	0.606434590038
NZ_LN850107.1_Array_3	28	0.601115518426
NZ_LR134282.1_Array_1	101	0.600329310125
NZ_LR134349.1_Array_1	123	0.623498858545
NZ_LR134363.1_Array_4	117	0.709550776604
NZ_LR134384.1_Array_1	82	0.630136964744
NZ_LR134387.1_Array_1	153	0.627594060597
NZ_LR134397.1_Array_1	152	0.607299373505
NZ_LR134402.1_Array_1	152	0.607299373505
NZ_LR134477.1_Array_2	117	0.709550776604
NZ_LR134477.1_Array_3	166	0.709550776604
NZ_LR214441.1_Array_1	42	0.795440072803
NZ_LR593887.1_Array_3	114	0.616105183726
NZ_LR594042.1_Array_1	101	0.600329310125
NZ_LR594660.1_Array_1	157	0.684043634174
NZ_LR594667.1_Array_2	156	0.684043634174
NZ_LR594672.1_Array_2	156	0.684043634174
NZ_LR699008.1_Array_3	181	0.697277346336
NZ_LR699012.1_Array_1_L	51	0.609636439307
NZ_LR746496.1_Array_1	103	0.924537726073
NZ_LR792683.1_Array_1	139	0.901185354886	171	0.704357995456
NZ_LR792684.1_Array_1	140	0.901185354886	172	0.704357995456
NZ_LR881952.1_Array_2	134	0.618885959956
NZ_LR890524.1_Array_1_L	54	0.799359746927
NZ_LR890524.1_Array_1_R	46	0.700889201743
NZ_LS974202.1_Array_2	160	0.626518968729	128	0.607299373505
NZ_LT605205.1_Array_2	82	0.62567161311
NZ_LT607411.1_Array_3	153	0.679523994793
NZ_LT629701.1_Array_3	115	0.604435497397
NZ_LT629709.1_Array_1	46	0.667400798941
NZ_LT629765.1_Array_1	53	0.869914538657
NZ_LT629775.1_Array_2	191	0.60898322847
NZ_LT669839.1_Array_1	175	0.941808538929	143	0.901185354886
NZ_LT669839.1_Array_6	171	0.853962074444	139	0.842991580321
NZ_LT669839.1_Array_7	171	0.941808538929	139	0.842991580321
NZ_LT719092.1_Array_1	184	0.602349735394
NZ_LT838272.1_Array_2	162	0.842991580321
NZ_LT906436.1_Array_1	152	0.607299373505
NZ_LT906466.1_Array_1	150	0.609636439307
NZ_LT906477.1_Array_2	128	0.915748783068	160	0.853962074444
NZ_LT906477.1_Array_3	128	0.915748783068	160	0.853962074444
NZ_LT906478.1_Array_1	150	0.609636439307
NZ_LT906662.1_Array_2	167	0.689185039404	135	0.678561230369
NZ_LT906662.1_Array_3	168	0.941808538929	136	0.608336566224
NZ_LT906662.1_Array_4	168	0.941808538929	136	0.608336566224
NZ_LT906662.1_Array_5	135	0.707647865191
NZ_LT907978.1_Array_3	80	0.609636439307
NZ_LT907988.1_Array_1	127	0.777323725152
NZ_LT985476.1_Array_1	150	0.607299373505
NZ_LT985476.1_Array_2	51	0.682248177775
NZ_OW485604.1_Array_2	67	0.612746681763
