Array	IE_Pseudomonadota_motif_3_1	IE_Pseudomonadota_motif_3_1_pvalue	IE_Pseudomonadota_motif_3_2	IE_Pseudomonadota_motif_3_2_pvalue	IE_Pseudomonadota_motif_3_3	IE_Pseudomonadota_motif_3_3_pvalue	IE_Pseudomonadota_motif_3_4	IE_Pseudomonadota_motif_3_4_pvalue	IE_Pseudomonadota_motif_3_5	IE_Pseudomonadota_motif_3_5_pvalue	IE_Pseudomonadota_motif_3_6	IE_Pseudomonadota_motif_3_6_pvalue	IE_Pseudomonadota_motif_3_7	IE_Pseudomonadota_motif_3_7_pvalue	IE_Pseudomonadota_motif_3_8	IE_Pseudomonadota_motif_3_8_pvalue
Random_seq_1	141	0.515251892368
Random_seq_10	151	0.60191360803
Random_seq_101	124	0.521009532092
Random_seq_107	116	0.449195657506
Random_seq_108	75	0.534498822727	130	0.491556074671
Random_seq_111	48	0.52728629223
Random_seq_112	120	0.479405677498
Random_seq_113	163	0.492051797139
Random_seq_114	180	0.516473548213
Random_seq_117	158	0.493698841528	56	0.460499562049
Random_seq_119	66	0.533609688633
Random_seq_120	37	0.515858870433
Random_seq_121	142	0.623901163366	175	0.496075928675	124	0.477155844466
Random_seq_123	163	0.529124968854
Random_seq_124	35	0.511574789426
Random_seq_128	21	0.448785875372
Random_seq_129	181	0.601554226047
Random_seq_132	137	0.547451947112
Random_seq_133	24	0.468077536024
Random_seq_140	101	0.570540288864	34	0.493698841528	110	0.47969439602
Random_seq_143	99	0.536639203095
Random_seq_147	51	0.605402982863	99	0.485972183049
Random_seq_15	169	0.535710297042	59	0.487877074861
Random_seq_151	83	0.650782129029
Random_seq_155	161	0.719770581127	127	0.535100773929
Random_seq_158	148	0.46830592505
Random_seq_160	75	0.675755181556
Random_seq_166	46	0.528328406557
Random_seq_169	48	0.452001675423
Random_seq_170	59	0.500464765651
Random_seq_174	154	0.469152683585
Random_seq_175	41	0.533025868938	109	0.476699994928
Random_seq_177	104	0.83430900341
Random_seq_179	113	0.562445441203	58	0.495940764157
Random_seq_180	46	0.67338572761
Random_seq_184	123	0.456751061205
Random_seq_185	35	0.574471344653	172	0.475979439664	22	0.464070589149
Random_seq_191	160	0.515051244261	106	0.480374838776
Random_seq_194	98	0.635863126035
Random_seq_195	47	0.633962629565	100	0.451567572196	38	0.449195657506
Random_seq_198	148	0.654550960199	52	0.511948972355	151	0.496894930401
Random_seq_2	39	0.551526316356	133	0.494478318634
Random_seq_20	46	0.554596982794	173	0.452001675423
Random_seq_200	135	0.580495374233
Random_seq_201	69	0.447279335939
Random_seq_205	26	0.540883893951	76	0.475800962672
Random_seq_208	102	0.516062897886
Random_seq_209	40	0.57136536948	102	0.534200628257	58	0.448990333265
Random_seq_214	29	0.524288029912
Random_seq_219	99	0.659419405286	54	0.456992138561
Random_seq_224	54	0.551526316356
Random_seq_228	109	0.544056721868	27	0.448127283079
Random_seq_231	153	0.715326716476	107	0.554596982794	65	0.494217097255	150	0.489268264629	80	0.485972183049	35	0.477801325257	169	0.466069076447	101	0.461816394404
Random_seq_232	34	0.536952838162
Random_seq_236	118	0.466951464082
Random_seq_237	48	0.635621447486
Random_seq_239	146	0.628462804537	79	0.460305087747
Random_seq_240	88	0.862011580598
Random_seq_241	57	0.480866786641
Random_seq_243	59	0.674073815449	92	0.541226343776
Random_seq_244	76	0.504318659814
Random_seq_245	106	0.529124968854
Random_seq_246	159	0.580727779708
Random_seq_247	98	0.612486468148	155	0.457416931688
Random_seq_248	148	0.497868263385
Random_seq_249	45	0.466729356213
Random_seq_25	73	0.586231711642
Random_seq_257	19	0.450288119687
Random_seq_258	153	0.47969439602
Random_seq_26	24	0.470571022359
Random_seq_261	182	0.457661353133
Random_seq_270	45	0.687854208042	147	0.491187582792	84	0.458526669852
Random_seq_274	38	0.53216312006	180	0.449195657506
Random_seq_276	32	0.453271831695
Random_seq_277	130	0.514060280307
Random_seq_279	148	0.553257087789
Random_seq_291	111	0.459854326835
Random_seq_293	51	0.520783627494
Random_seq_294	99	0.684700341757
Random_seq_297	148	0.556443166034	56	0.474396329583	141	0.460694819997
Random_seq_301	40	0.484351414952
Random_seq_304	31	0.538228081459	173	0.510834981948
Random_seq_308	69	0.493058720613
Random_seq_311	47	0.622963872082	126	0.486413702719	38	0.457661353133
Random_seq_313	122	0.633498927954	163	0.488336381129	99	0.468077536024
Random_seq_316	159	0.529663379378
Random_seq_32	113	0.668968419042	180	0.467623962211	135	0.458714122498
Random_seq_321	112	0.466288171539
Random_seq_322	164	0.607246657095
Random_seq_324	134	0.469152683585	79	0.456094216971
Random_seq_326	153	0.507296443249
Random_seq_327	170	0.475093556699
Random_seq_328	44	0.827403956456
Random_seq_331	26	0.526773520793	61	0.449195657506
Random_seq_333	180	0.633498927954
Random_seq_334	22	0.668018262156
Random_seq_335	177	0.642611271237	61	0.506283379551	182	0.482475447184	73	0.455680813927
Random_seq_337	144	0.616702730462
Random_seq_339	158	0.4923015732
Random_seq_344	143	0.500169298586
Random_seq_346	148	0.497588167526
Random_seq_351	134	0.583937989651	98	0.529124968854
Random_seq_353	99	0.490458900661
Random_seq_354	139	0.482475447184
Random_seq_356	104	0.509746027164
Random_seq_357	38	0.629090758663	180	0.447081957057
Random_seq_36	65	0.4992935558
Random_seq_361	109	0.485752922727
Random_seq_364	162	0.619906235949
Random_seq_369	40	0.533316899534	142	0.528065769336
Random_seq_375	60	0.466069076447
Random_seq_377	123	0.591173061368
Random_seq_378	35	0.506116575777
Random_seq_379	129	0.46830592505
Random_seq_381	17	0.525763974933
Random_seq_386	49	0.478080613918
Random_seq_388	87	0.635141676749
Random_seq_39	163	0.474830919479
Random_seq_390	70	0.540883893951
Random_seq_392	90	0.486192440013
Random_seq_397	174	0.532736575848
Random_seq_399	20	0.815394696128	171	0.682304545078	29	0.62168139594	168	0.597109746189	118	0.521009532092	174	0.513475285895	52	0.470731209112
Random_seq_400	166	0.521009532092
Random_seq_403	125	0.508505757848	68	0.470731209112	25	0.460956393904
Random_seq_409	88	0.491556074671	35	0.456571037041
Random_seq_415	141	0.728277826584
Random_seq_417	129	0.478080613918
Random_seq_418	138	0.467850218413
Random_seq_419	26	0.471867593319
Random_seq_42	170	0.495403845106
Random_seq_420	93	0.531315463776
Random_seq_421	56	0.505127634339
Random_seq_427	90	0.523566580626
Random_seq_429	145	0.546676627395
Random_seq_43	168	0.695596130264
Random_seq_430	136	0.465345832445
Random_seq_431	160	0.482886097511
Random_seq_433	127	0.506618719634	46	0.479214149784	100	0.455446157544
Random_seq_435	172	0.555051976265	29	0.450078123915
Random_seq_437	125	0.50885689307
Random_seq_45	147	0.592640068924	107	0.573324792032	163	0.48880008274
Random_seq_450	83	0.565183822213
Random_seq_451	84	0.504802422054
Random_seq_454	182	0.638604324362	32	0.455038223517
Random_seq_46	119	0.533025868938
Random_seq_460	64	0.481966980309
Random_seq_463	167	0.495403845106
Random_seq_465	147	0.574199116698
Random_seq_468	62	0.448785875372
Random_seq_469	123	0.447081957057
Random_seq_470	109	0.455680813927
Random_seq_471	47	0.498575669358	88	0.497309681423
Random_seq_475	29	0.534498822727
Random_seq_488	22	0.560770753629
Random_seq_49	43	0.597657282507
Random_seq_490	20	0.478549702272
Random_seq_491	32	0.58974916513	106	0.524530919887	37	0.466729356213
Random_seq_492	74	0.524288029912
Random_seq_497	87	0.478738616541
Random_seq_5	84	0.505619582204
Random_seq_505	116	0.589469338855	179	0.477339391839
Random_seq_509	172	0.681614538682	82	0.611597334054	149	0.583937989651	77	0.513475285895
Random_seq_510	74	0.509746027164	118	0.507983780285	62	0.466288171539
Random_seq_511	166	0.465850967533
Random_seq_514	36	0.486635980396
Random_seq_518	170	0.457416931688
Random_seq_519	41	0.5699771992
Random_seq_521	168	0.46938620909
Random_seq_524	103	0.632358723617	152	0.466069076447
Random_seq_525	47	0.473453734107
Random_seq_53	127	0.511203473827
Random_seq_530	100	0.559102291674
Random_seq_531	64	0.519449879574	101	0.460305087747
Random_seq_533	102	0.624090817027
Random_seq_534	106	0.600961116457	37	0.46938620909
Random_seq_535	155	0.643171467633	106	0.482886097511
Random_seq_538	130	0.603008028546
Random_seq_54	144	0.649803177581	58	0.642333583093	119	0.470731209112
Random_seq_540	167	0.712772585968
Random_seq_543	93	0.513669500378	22	0.50885689307	88	0.478267704686	177	0.459598619389	26	0.45178413769
Random_seq_545	144	0.529663379378
Random_seq_546	113	0.532448999642
Random_seq_547	131	0.62784288416	44	0.463170014505
Random_seq_550	132	0.564345937672	44	0.530482381103	158	0.454175474639
Random_seq_552	128	0.46938620909
Random_seq_555	21	0.697030107187
Random_seq_561	163	0.455680813927
Random_seq_573	75	0.476881820464
Random_seq_576	50	0.453947979158
Random_seq_578	18	0.489033608246
Random_seq_58	65	0.456571037041
Random_seq_581	137	0.4852090736
Random_seq_582	112	0.449195657506
Random_seq_585	125	0.549446321135
Random_seq_588	125	0.462017042511
Random_seq_589	91	0.46830592505	49	0.455446157544
Random_seq_599	55	0.714583124669
Random_seq_600	174	0.583607227625
Random_seq_605	68	0.485972183049
Random_seq_607	21	0.462691934319
Random_seq_611	151	0.477155844466
Random_seq_612	118	0.522155127968
Random_seq_613	115	0.554596982794	80	0.527544727235
Random_seq_619	29	0.721159113054
Random_seq_620	160	0.458092079956
Random_seq_621	132	0.484351414952
Random_seq_623	183	0.523566580626	85	0.493957276532	181	0.485752922727	119	0.459598619389
Random_seq_638	72	0.488106183791
Random_seq_639	178	0.479214149784
Random_seq_640	54	0.520558771181
Random_seq_641	92	0.477616023125
Random_seq_642	136	0.873932321275
Random_seq_644	128	0.572204742675	20	0.493698841528
Random_seq_65	169	0.494217097255
Random_seq_650	23	0.491187582792	62	0.475534473741
Random_seq_656	92	0.482680337335	137	0.47396560276
Random_seq_658	80	0.716720331311	152	0.616702730462	77	0.564623625817	143	0.534498822727	181	0.467398757552	60	0.457416931688	138	0.453721546743
Random_seq_660	138	0.555051976265	69	0.485752922727
Random_seq_666	136	0.520558771181
Random_seq_667	157	0.550267636535
Random_seq_669	183	0.604002041834
Random_seq_675	110	0.663101412479
Random_seq_678	166	0.491432932423	111	0.470331730769
Random_seq_680	138	0.507126121638
Random_seq_684	43	0.453271831695
Random_seq_686	176	0.468535395638
Random_seq_687	77	0.502895692843
Random_seq_69	102	0.552383975004	63	0.537268516468	110	0.513281846722	77	0.463583585566
Random_seq_692	77	0.564623625817	175	0.481765078148
Random_seq_696	72	0.465345832445
Random_seq_699	124	0.523328464921
Random_seq_7	51	0.864660133154
Random_seq_70	105	0.802726933306	46	0.452439702799	85	0.450923623204
Random_seq_702	93	0.487877074861
Random_seq_703	127	0.738805890689	62	0.488336381129
Random_seq_704	109	0.515453374773
Random_seq_707	134	0.602154685386	173	0.462285872318	28	0.460694819997
Random_seq_71	32	0.52651915565
Random_seq_711	120	0.495137600213	51	0.458714122498	129	0.448990333265
Random_seq_712	55	0.465345832445
Random_seq_715	42	0.529124968854	159	0.455270907991
Random_seq_719	104	0.458714122498
Random_seq_720	128	0.772191017721	177	0.645184784756	137	0.551526316356	183	0.46876595808
Random_seq_722	165	0.497588167526
Random_seq_726	179	0.450923623204
Random_seq_728	88	0.525020383125	163	0.463376358813	110	0.456094216971
Random_seq_735	92	0.602154685386
Random_seq_738	55	0.716081897193
Random_seq_742	58	0.467850218413
Random_seq_745	183	0.516267788037
Random_seq_749	155	0.519231114197
Random_seq_760	94	0.474396329583
Random_seq_761	78	0.449869034277
Random_seq_768	110	0.713488704153	67	0.470571022359	132	0.462691934319
Random_seq_770	108	0.703038027439
Random_seq_772	74	0.608746132391
Random_seq_776	139	0.528065769336
Random_seq_781	95	0.468535395638
Random_seq_784	139	0.650453609476	75	0.627230794566	142	0.511948972355
Random_seq_786	20	0.744159724338	125	0.485534650067	181	0.466729356213	29	0.461616573714
Random_seq_794	95	0.52626611879
Random_seq_795	154	0.50212284634
Random_seq_798	182	0.447477522099
Random_seq_799	49	0.55995462573
Random_seq_80	82	0.643454013324
Random_seq_802	105	0.755886768094
Random_seq_810	119	0.487649044094	40	0.484351414952
Random_seq_815	83	0.612486468148	135	0.519890395776	54	0.498291466499	148	0.479405677498	58	0.476248393816
Random_seq_82	99	0.515858870433	28	0.513475285895	152	0.470571022359
Random_seq_820	84	0.519449879574
Random_seq_821	21	0.696603926352
Random_seq_823	18	0.584522312218
Random_seq_824	77	0.63990350268
Random_seq_827	151	0.570226653798
Random_seq_833	60	0.577571360463	171	0.518580682303
Random_seq_836	90	0.50212284634
Random_seq_839	33	0.679541871468
Random_seq_840	55	0.462285872318
Random_seq_841	141	0.578452411072	177	0.519890395776	135	0.50781102984
Random_seq_844	168	0.502430507364
Random_seq_846	89	0.673702092925
Random_seq_849	21	0.594771481451
Random_seq_852	129	0.507126121638
Random_seq_853	70	0.520558771181
Random_seq_854	108	0.486859282397
Random_seq_859	34	0.625439592533
Random_seq_867	42	0.827026861568	178	0.549446321135	36	0.538878513353	183	0.473031268932	33	0.464917011518
Random_seq_874	160	0.483822986067
Random_seq_876	58	0.535404577109	131	0.466288171539
Random_seq_879	61	0.621321123287	129	0.476881820464
Random_seq_88	57	0.484564410673
Random_seq_880	67	0.672038188728	155	0.494740955855	91	0.475800962672	41	0.447081957057
Random_seq_884	83	0.610293494446
Random_seq_885	122	0.52939342632	164	0.463376358813
Random_seq_894	122	0.511574789426
Random_seq_903	134	0.572794483609	99	0.538878513353	162	0.477339391839	102	0.449608934626
Random_seq_904	155	0.480179449605
Random_seq_905	179	0.514851423572
Random_seq_906	77	0.644891995656	149	0.52859247505	39	0.483404353238	98	0.47396560276
Random_seq_911	149	0.495671560972
Random_seq_912	32	0.482169727252
Random_seq_914	92	0.517096123568
Random_seq_923	41	0.532448999642
Random_seq_925	80	0.654550960199
Random_seq_929	105	0.560770753629
Random_seq_932	98	0.552383975004	174	0.514256858461	38	0.467398757552	179	0.457416931688
Random_seq_939	23	0.553257087789	123	0.49070057921
Random_seq_94	96	0.450288119687
Random_seq_943	37	0.49280502135
Random_seq_950	166	0.500169298586
Random_seq_951	67	0.479023376118
Random_seq_954	73	0.468077536024
Random_seq_957	18	0.603378398109	116	0.4992935558	22	0.49070057921
Random_seq_959	73	0.671681702475	165	0.542975864076
Random_seq_96	178	0.740246315814	17	0.618025855628	170	0.516062897886
Random_seq_960	171	0.50212284634
Random_seq_961	34	0.556915915623
Random_seq_962	99	0.46938620909
Random_seq_964	82	0.611597334054
Random_seq_965	137	0.667086378656
Random_seq_966	38	0.511574789426
Random_seq_970	102	0.524775033494
Random_seq_974	23	0.467174594707
Random_seq_981	66	0.551526316356	22	0.460305087747
Random_seq_983	133	0.453496167506
Random_seq_984	42	0.594461193634
Random_seq_986	158	0.570792666771
Random_seq_990	152	0.602762678915	89	0.456332040509
Random_seq_993	92	0.695182323748	163	0.551526316356	98	0.523566580626	158	0.516680185833	110	0.483404353238	160	0.456751061205
Random_seq_995	99	0.66964479122	160	0.538228081459
Random_seq_997	21	0.447279335939
