Array	IE_Pseudomonadota_motif_3_1	IE_Pseudomonadota_motif_3_1_pvalue	IE_Pseudomonadota_motif_3_2	IE_Pseudomonadota_motif_3_2_pvalue	IE_Pseudomonadota_motif_3_3	IE_Pseudomonadota_motif_3_3_pvalue	IE_Pseudomonadota_motif_3_4	IE_Pseudomonadota_motif_3_4_pvalue	IE_Pseudomonadota_motif_3_5	IE_Pseudomonadota_motif_3_5_pvalue
Random_seq_1	163	0.455038223517
Random_seq_100	66	0.553699615509
Random_seq_1000	85	0.541226343776
Random_seq_101	155	0.507296443249	32	0.47396560276
Random_seq_108	171	0.663101412479
Random_seq_109	84	0.465130947621
Random_seq_11	148	0.487649044094
Random_seq_110	46	0.48126397287
Random_seq_114	45	0.505619582204
Random_seq_117	154	0.593846515854	82	0.555974984144
Random_seq_119	29	0.564623625817
Random_seq_126	105	0.449401855471
Random_seq_132	164	0.497868263385
Random_seq_139	40	0.447726400143
Random_seq_14	93	0.505291062651
Random_seq_142	36	0.477155844466
Random_seq_149	50	0.556443166034
Random_seq_150	146	0.56325083008
Random_seq_151	87	0.666172078917
Random_seq_152	105	0.594979449361
Random_seq_158	92	0.529124968854
Random_seq_16	84	0.69277105772
Random_seq_161	171	0.493957276532
Random_seq_172	113	0.618871539372
Random_seq_173	30	0.568809517431	124	0.50781102984
Random_seq_174	130	0.612786509036
Random_seq_176	73	0.467850218413
Random_seq_179	172	0.489504062898	61	0.473453734107
Random_seq_180	150	0.522855715332
Random_seq_183	129	0.542268458103
Random_seq_184	167	0.460499562049
Random_seq_185	138	0.463791702344
Random_seq_19	165	0.514256858461
Random_seq_192	98	0.482680337335
Random_seq_193	32	0.478267704686	113	0.465345832445
Random_seq_194	40	0.554596982794	173	0.486635980396	62	0.475269442368
Random_seq_195	163	0.530207839584	17	0.49280502135	110	0.463170014505
Random_seq_196	39	0.537268516468
Random_seq_199	76	0.575575812947
Random_seq_201	123	0.456571037041
Random_seq_203	163	0.539207032906
Random_seq_204	50	0.468077536024	178	0.456571037041
Random_seq_207	90	0.845744165977
Random_seq_209	18	0.532448999642	97	0.482475447184	134	0.453496167506
Random_seq_213	137	0.611158811165	44	0.45135197029
Random_seq_216	74	0.498291466499	140	0.497868263385	67	0.493058720613
Random_seq_218	64	0.484993231601	121	0.470331730769
Random_seq_221	133	0.64607391885	170	0.635863126035	60	0.511761519709
Random_seq_223	31	0.533904257617
Random_seq_224	158	0.474137434318	43	0.469620865474
Random_seq_225	62	0.655631817991
Random_seq_230	95	0.595608762733	54	0.498718398323	92	0.491803301986
Random_seq_236	112	0.466069076447
Random_seq_240	46	0.535100773929
Random_seq_243	97	0.576208320894
Random_seq_247	141	0.705933300454
Random_seq_250	167	0.499583715042
Random_seq_258	152	0.592343092825	103	0.538878513353
Random_seq_261	152	0.46938620909
Random_seq_264	31	0.488567677266
Random_seq_267	79	0.458714122498
Random_seq_270	148	0.628462804537
Random_seq_271	82	0.785862611802	42	0.470731209112
Random_seq_273	78	0.505784680996
Random_seq_274	32	0.464917011518
Random_seq_282	118	0.692070470356
Random_seq_291	152	0.62784288416
Random_seq_292	39	0.511203473827	181	0.488336381129	109	0.480571018997	176	0.477155844466
Random_seq_294	120	0.461417573646
Random_seq_296	170	0.652118943425	100	0.591173061368	49	0.478549702272
Random_seq_297	57	0.5230915136
Random_seq_302	23	0.45135197029
Random_seq_305	130	0.496347394083
Random_seq_308	130	0.518796524302	181	0.452001675423
Random_seq_310	128	0.453104258796
Random_seq_311	44	0.500022237931
Random_seq_312	119	0.614940483582	42	0.495403845106
Random_seq_313	70	0.479887835193
Random_seq_314	114	0.459598619389
Random_seq_318	132	0.480374838776
Random_seq_322	136	0.527029228239
Random_seq_325	121	0.481966980309
Random_seq_33	72	0.686803050802	134	0.566036450344
Random_seq_334	64	0.8010867123
Random_seq_338	82	0.472612455188
Random_seq_34	43	0.505619582204
Random_seq_343	89	0.470972486533
Random_seq_348	154	0.863317763418	31	0.522855715332	158	0.507983780285
Random_seq_349	54	0.521923831831	163	0.504640630756	66	0.493570139065
Random_seq_35	137	0.586231711642	182	0.544056721868	133	0.528065769336
Random_seq_350	156	0.604002041834	102	0.497588167526
Random_seq_351	101	0.513475285895
Random_seq_357	124	0.605145235188	173	0.536952838162
Random_seq_36	57	0.456094216971
Random_seq_361	181	0.509746027164
Random_seq_362	50	0.482680337335	177	0.460499562049
Random_seq_363	99	0.477616023125
Random_seq_364	116	0.46876595808
Random_seq_37	78	0.680202788018	34	0.65711151918	72	0.637841214913
Random_seq_370	96	0.590598472241
Random_seq_371	26	0.540206170336
Random_seq_375	109	0.500169298586
Random_seq_377	146	0.505619582204
Random_seq_378	145	0.620431989193
Random_seq_38	30	0.549446321135
Random_seq_383	129	0.527804547957
Random_seq_385	124	0.657488614068
Random_seq_387	131	0.522621058948
Random_seq_395	29	0.481966980309
Random_seq_399	101	0.467398757552
Random_seq_405	72	0.552383975004	20	0.522387533442	100	0.516267788037
Random_seq_41	94	0.588003625643	24	0.507983780285	141	0.463170014505
Random_seq_412	42	0.510469271166	86	0.448582276549
Random_seq_415	42	0.491187582792
Random_seq_416	172	0.511948972355
Random_seq_419	30	0.695929738801	181	0.482169727252
Random_seq_42	127	0.544056721868
Random_seq_422	162	0.604002041834	128	0.490218421515	177	0.457845481721
Random_seq_425	90	0.668018262156	57	0.580727779708	113	0.466729356213	48	0.449608934626
Random_seq_429	18	0.56632402655
Random_seq_430	26	0.466951464082
Random_seq_432	181	0.588822627369	57	0.550267636535
Random_seq_433	146	0.478549702272	67	0.475269442368	163	0.450923623204
Random_seq_434	182	0.499729448832
Random_seq_44	142	0.460499562049
Random_seq_442	53	0.514454237343
Random_seq_448	97	0.460956393904	132	0.456992138561
Random_seq_452	91	0.506618719634	36	0.500911372025	90	0.48403366661	141	0.471458675714
Random_seq_455	68	0.514256858461
Random_seq_465	165	0.556443166034	109	0.458714122498
Random_seq_466	58	0.45266021034
Random_seq_467	114	0.591754545728	19	0.464070589149	117	0.462964545157
Random_seq_468	109	0.592047925728	33	0.547844309163
Random_seq_47	44	0.575020432099
Random_seq_470	93	0.472114610584
Random_seq_474	83	0.49280502135
Random_seq_485	80	0.524288029912	22	0.483404353238	65	0.45135197029
Random_seq_488	71	0.549446321135
Random_seq_49	47	0.608746132391	135	0.598884093568	59	0.522855715332	144	0.460694819997
Random_seq_493	92	0.484993231601
Random_seq_494	49	0.542975864076
Random_seq_495	67	0.858771639732	130	0.715326716476	45	0.457234421309
Random_seq_496	25	0.775968757145	65	0.55068357427	158	0.448785875372
Random_seq_500	179	0.819183084151	20	0.469620865474
Random_seq_501	95	0.457416931688
Random_seq_505	101	0.513089176693
Random_seq_508	31	0.478080613918
Random_seq_510	110	0.457845481721
Random_seq_512	74	0.614940483582
Random_seq_513	65	0.469620865474
Random_seq_519	89	0.565466367903
Random_seq_520	39	0.460046996864	119	0.454404043217
Random_seq_522	82	0.450923623204
Random_seq_524	178	0.471458675714
Random_seq_527	87	0.553257087789	172	0.529934844785	95	0.465850967533
Random_seq_538	21	0.558854432062	147	0.471214971352	30	0.469620865474
Random_seq_540	154	0.688928674427
Random_seq_543	106	0.455916612196
Random_seq_544	67	0.495005024348
Random_seq_545	119	0.468535395638
Random_seq_548	35	0.509746027164
Random_seq_551	101	0.516267788037
Random_seq_555	35	0.476881820464
Random_seq_556	103	0.710913117587	137	0.466508261767
Random_seq_558	22	0.53216312006
Random_seq_56	181	0.640433086624
Random_seq_563	98	0.569667176079	49	0.511574789426
Random_seq_565	170	0.469620865474	88	0.461616573714
Random_seq_566	61	0.458277855705
Random_seq_567	31	0.624472365838
Random_seq_57	110	0.547062736597
Random_seq_572	71	0.585369474504
Random_seq_579	94	0.601316110342
Random_seq_58	166	0.4923015732
Random_seq_583	129	0.582467023288	172	0.484564410673	21	0.450288119687
Random_seq_585	73	0.580495374233
Random_seq_586	18	0.498718398323
Random_seq_592	166	0.622963872082
Random_seq_602	183	0.503208316176	134	0.45135197029
Random_seq_605	98	0.509566890367
Random_seq_606	116	0.453721546743
Random_seq_607	32	0.536952838162	98	0.509746027164	23	0.464917011518
Random_seq_610	75	0.448990333265
Random_seq_612	40	0.454404043217
Random_seq_616	145	0.56661331964
Random_seq_617	154	0.555974984144	98	0.47642852952	33	0.463170014505
Random_seq_62	130	0.483196385328
Random_seq_625	129	0.517305439006
Random_seq_627	60	0.480179449605
Random_seq_628	108	0.515453374773
Random_seq_629	182	0.463583585566
Random_seq_630	155	0.501211412913	89	0.463583585566	21	0.462691934319	161	0.461816394404
Random_seq_633	129	0.58135303288	18	0.451567572196
Random_seq_640	144	0.576208320894
Random_seq_644	109	0.699850187173	22	0.562445441203
Random_seq_646	177	0.558264691129
Random_seq_647	150	0.728934873242
Random_seq_651	99	0.463583585566	56	0.449401855471
Random_seq_661	79	0.739830378079
Random_seq_667	130	0.482169727252
Random_seq_674	99	0.715326716476
Random_seq_676	177	0.612188273677
Random_seq_679	107	0.520334953468
Random_seq_680	156	0.48403366661	90	0.452439702799
Random_seq_682	83	0.471867593319	32	0.464070589149
Random_seq_683	102	0.513089176693
Random_seq_687	126	0.538228081459
Random_seq_689	136	0.491803301986
Random_seq_69	135	0.460499562049
Random_seq_692	54	0.563522295487	125	0.472362893528
Random_seq_696	151	0.473031268932
Random_seq_697	91	0.645775724379	135	0.45178413769
Random_seq_698	164	0.468997622817
Random_seq_700	102	0.685100259696
Random_seq_701	172	0.775968757145	82	0.566036450344	158	0.54629357047	115	0.511018877609	179	0.489033608246
Random_seq_707	26	0.502740134287
Random_seq_708	140	0.595608762733	30	0.52626611879	95	0.502895692843
Random_seq_71	25	0.456571037041
Random_seq_712	52	0.457845481721
Random_seq_715	161	0.458714122498
Random_seq_720	61	0.470972486533
Random_seq_722	78	0.483196385328	165	0.468535395638
Random_seq_723	53	0.465850967533
Random_seq_724	37	0.540883893951
Random_seq_725	132	0.453104258796
Random_seq_726	69	0.489033608246
Random_seq_728	41	0.555511282534	87	0.475979439664
Random_seq_730	50	0.53216312006	175	0.487083618208	32	0.462964545157
Random_seq_733	183	0.624472365838	119	0.45266021034	180	0.447477522099
Random_seq_736	151	0.622963872082	79	0.475979439664	153	0.456332040509
Random_seq_737	96	0.503208316176
Random_seq_739	140	0.452001675423
Random_seq_742	25	0.448785875372
Random_seq_743	44	0.525763974933
Random_seq_751	149	0.621321123287
Random_seq_754	32	0.505784680996
Random_seq_763	179	0.555974984144
Random_seq_764	122	0.715702835689	28	0.595293084427	107	0.517096123568	19	0.455270907991
Random_seq_765	19	0.510834981948
Random_seq_766	115	0.707395459404
Random_seq_773	126	0.580495374233
Random_seq_775	111	0.676815295827	29	0.536017958066
Random_seq_778	148	0.501513323227
Random_seq_782	49	0.541571230987	117	0.479405677498	166	0.448328975144
Random_seq_783	119	0.489979129924	60	0.483822986067	26	0.467398757552
Random_seq_785	51	0.607922490206
Random_seq_789	23	0.483196385328	140	0.479214149784
Random_seq_791	128	0.699850187173	171	0.507638893074	27	0.456571037041
Random_seq_796	166	0.489979129924
Random_seq_798	64	0.577571360463
Random_seq_799	145	0.486192440013
Random_seq_8	174	1.04117573833	42	0.493058720613	183	0.482475447184
Random_seq_80	55	0.458277855705
Random_seq_800	138	0.775968757145	171	0.447726400143
Random_seq_806	62	0.498718398323
Random_seq_813	44	0.784230572798
Random_seq_814	96	0.496620388882	177	0.480571018997
Random_seq_816	87	0.57136536948
Random_seq_817	134	0.467850218413
Random_seq_821	93	0.532736575848	139	0.489268264629	99	0.457416931688
Random_seq_825	150	0.554146221883	58	0.494217097255
Random_seq_828	83	0.470571022359
Random_seq_830	167	0.562445441203
Random_seq_835	19	0.536639203095	182	0.471214971352
Random_seq_839	70	0.57136536948	145	0.546676627395	98	0.473708992547
Random_seq_840	108	0.482680337335	51	0.452001675423
Random_seq_847	31	0.447279335939
Random_seq_849	91	0.785066049504	156	0.609443359507	94	0.578452411072
Random_seq_853	18	0.594461193634	85	0.55068357427	27	0.53216312006
Random_seq_854	161	0.448127283079
Random_seq_864	58	0.659814970328	99	0.463791702344	63	0.454175474639
Random_seq_865	136	0.464917011518
Random_seq_868	46	0.528328406557	120	0.495005024348
Random_seq_869	141	0.458526669852
Random_seq_875	72	0.645184784756	150	0.544790924529	81	0.53075848697
Random_seq_877	91	0.586231711642	158	0.505784680996
Random_seq_88	112	0.506116575777
Random_seq_880	151	0.512326067243
Random_seq_884	103	0.547844309163	30	0.450288119687
Random_seq_889	104	0.547451947112
Random_seq_890	160	0.575020432099	53	0.48880008274	141	0.463583585566	50	0.463583585566	167	0.446836358718
Random_seq_894	152	0.485534650067
Random_seq_896	90	0.589469338855
Random_seq_901	110	0.447926427046
Random_seq_902	131	0.452220194163
Random_seq_906	163	0.665721318006	109	0.608470026524	177	0.511018877609
Random_seq_910	81	0.625439592533
Random_seq_914	47	0.450499029481
Random_seq_915	124	0.518365797478
Random_seq_916	109	0.452439702799
Random_seq_918	41	0.514851423572	105	0.50885689307	45	0.47396560276
Random_seq_924	58	0.547844309163
Random_seq_925	87	0.448990333265
Random_seq_926	141	0.615256161888	175	0.523566580626
Random_seq_927	41	0.523328464921
Random_seq_929	171	0.548638694963	132	0.450923623204
Random_seq_93	95	0.453104258796
Random_seq_930	47	0.588275091051	108	0.552383975004	20	0.455680813927	99	0.45288172592
Random_seq_932	35	0.654195966314
Random_seq_937	36	0.46830592505
Random_seq_938	137	0.53216312006
Random_seq_939	116	0.503839679487	177	0.453721546743
Random_seq_944	107	0.507126121638
Random_seq_947	99	0.512326067243	175	0.506787263973
Random_seq_951	54	0.600026987315
Random_seq_954	118	0.637339071056
Random_seq_955	170	0.52651915565
Random_seq_958	137	0.452220194163
Random_seq_960	155	0.601554226047	96	0.52728629223
Random_seq_967	182	0.462691934319
Random_seq_97	51	0.50781102984
Random_seq_971	66	0.614626848516	110	0.510469271166
Random_seq_978	80	0.590598472241
Random_seq_981	80	0.546676627395
Random_seq_984	89	0.572794483609	21	0.549446321135
Random_seq_987	51	0.599224140216	144	0.516062897886	33	0.470571022359
Random_seq_988	72	0.456571037041
Random_seq_993	179	0.500169298586	106	0.494217097255
