Array	IE_Pseudomonadota_motif_3_1	IE_Pseudomonadota_motif_3_1_pvalue	IE_Pseudomonadota_motif_3_2	IE_Pseudomonadota_motif_3_2_pvalue	IE_Pseudomonadota_motif_3_3	IE_Pseudomonadota_motif_3_3_pvalue	IE_Pseudomonadota_motif_3_4	IE_Pseudomonadota_motif_3_4_pvalue	IE_Pseudomonadota_motif_3_5	IE_Pseudomonadota_motif_3_5_pvalue	IE_Pseudomonadota_motif_3_6	IE_Pseudomonadota_motif_3_6_pvalue
Random_seq_100	84	0.476699994928	147	0.447726400143
Random_seq_101	132	0.478267704686
Random_seq_102	93	0.497868263385
Random_seq_109	51	0.627028470896	85	0.539870830254	31	0.531036175115	155	0.47642852952	68	0.474396329583
Random_seq_110	182	0.451567572196
Random_seq_114	129	0.575020432099
Random_seq_119	55	0.4852090736
Random_seq_121	102	0.57874969083	172	0.497171036268
Random_seq_122	73	0.450499029481
Random_seq_127	107	0.644311671971	174	0.460305087747
Random_seq_129	119	0.529124968854
Random_seq_132	45	0.721868590568
Random_seq_135	68	0.540206170336	173	0.530207839584
Random_seq_142	78	0.643738216183	32	0.580495374233	75	0.566036450344	153	0.455038223517
Random_seq_144	20	0.497588167526
Random_seq_146	134	0.486413702719	74	0.472362893528
Random_seq_148	106	0.528065769336
Random_seq_150	161	0.597657282507
Random_seq_151	175	0.475093556699
Random_seq_152	27	0.727149006353	85	0.52626611879	130	0.453496167506
Random_seq_155	34	0.573324792032
Random_seq_159	159	0.572465964055	32	0.510469271166	169	0.456751061205
Random_seq_16	180	0.475093556699
Random_seq_161	39	0.475269442368	98	0.467398757552
Random_seq_162	119	0.58974916513	19	0.450078123915
Random_seq_163	57	0.71206689706
Random_seq_177	163	0.594461193634
Random_seq_18	144	0.5815895986	62	0.56325083008	118	0.507126121638
Random_seq_180	25	0.615256161888
Random_seq_181	83	0.520112164807
Random_seq_19	96	0.458714122498
Random_seq_192	65	0.603626893261
Random_seq_195	51	0.461417573646
Random_seq_200	150	0.576208320894
Random_seq_201	70	0.520558771181
Random_seq_202	130	0.454175474639
Random_seq_204	63	0.635621447486
Random_seq_207	51	0.657868666593	90	0.45480665104
Random_seq_21	139	0.503208316176
Random_seq_210	64	0.70021452309
Random_seq_220	116	0.494478318634
Random_seq_222	104	0.50336538746
Random_seq_223	23	0.656737336251
Random_seq_226	70	0.473453734107
Random_seq_227	121	0.457661353133
Random_seq_229	169	0.584187551311	106	0.471867593319	172	0.460956393904
Random_seq_23	174	0.592047925728
Random_seq_231	27	0.589191119247
Random_seq_233	121	0.513281846722
Random_seq_237	102	0.534798863615	25	0.480179449605	103	0.475800962672
Random_seq_239	25	0.545162240128	89	0.532736575848
Random_seq_241	128	0.620431989193
Random_seq_248	22	0.567138439814
Random_seq_255	89	0.513281846722	26	0.482886097511
Random_seq_257	141	0.489979129924	177	0.467850218413
Random_seq_258	91	0.640700064977
Random_seq_264	73	0.5699771992	135	0.450710861287
Random_seq_266	26	0.559652087087	170	0.492051797139	85	0.484778346776
Random_seq_269	33	0.508505757848
Random_seq_270	166	0.566036450344
Random_seq_272	156	0.511761519709
Random_seq_273	83	0.58135303288
Random_seq_280	39	0.612486468148
Random_seq_285	131	0.693801241788
Random_seq_286	18	0.501969745269
Random_seq_287	27	0.471703611949
Random_seq_289	69	0.881401915763
Random_seq_292	85	0.466951464082
Random_seq_294	167	0.464491952226
Random_seq_30	170	0.491803301986	51	0.457416931688
Random_seq_311	143	0.469856663743
Random_seq_313	117	0.562712419556
Random_seq_318	121	0.560463092605
Random_seq_319	84	0.449401855471
Random_seq_32	177	0.469856663743
Random_seq_320	103	0.587376058795
Random_seq_321	180	0.618025855628	127	0.584187551311
Random_seq_324	61	0.453271831695
Random_seq_325	79	0.536639203095
Random_seq_326	144	0.543693750519
Random_seq_33	50	0.569667176079	162	0.537906110516
Random_seq_332	137	0.498291466499
Random_seq_334	133	0.498718398323
Random_seq_335	66	0.592640068924
Random_seq_336	67	0.479214149784
Random_seq_339	72	0.765068782774	26	0.613697942462	143	0.540206170336	20	0.521464525563	95	0.464917011518	23	0.448785875372
Random_seq_340	152	0.590884915136
Random_seq_343	146	0.584774909394	73	0.55068357427
Random_seq_347	152	0.470093615063
Random_seq_349	22	0.474396329583
Random_seq_35	94	0.628462804537	137	0.453271831695
Random_seq_350	32	0.551103113242
Random_seq_353	166	0.453271831695
Random_seq_354	113	0.462285872318
Random_seq_355	148	0.61339222253
Random_seq_361	146	0.508331139827
Random_seq_374	85	0.583607227625
Random_seq_377	119	0.621321123287	77	0.465130947621
Random_seq_379	122	0.590030616736	51	0.453947979158
Random_seq_385	144	0.480571018997
Random_seq_386	182	0.547062736597
Random_seq_393	94	0.447926427046
Random_seq_394	79	0.536017958066
Random_seq_395	23	0.508505757848
Random_seq_396	139	0.467398757552
Random_seq_398	154	0.600961116457
Random_seq_40	17	0.578452411072	163	0.555051976265	89	0.489033608246
Random_seq_400	59	0.474396329583
Random_seq_408	140	0.471458675714	46	0.462285872318
Random_seq_41	22	0.501513323227
Random_seq_411	32	0.599224140216	167	0.53075848697
Random_seq_412	75	0.578452411072	137	0.553699615509	64	0.49280502135	145	0.47396560276	59	0.466069076447
Random_seq_414	29	0.610008455691
Random_seq_416	175	0.469620865474
Random_seq_42	127	0.58336062939	74	0.544056721868	151	0.475979439664
Random_seq_423	38	0.584187551311	106	0.537268516468
Random_seq_426	88	0.582467023288
Random_seq_428	148	0.577863267662
Random_seq_429	59	0.591462931316
Random_seq_43	67	0.588275091051
Random_seq_430	18	0.522155127968
Random_seq_437	156	0.473031268932
Random_seq_438	127	0.471867593319
Random_seq_441	151	0.536017958066	115	0.461153505153
Random_seq_445	68	0.455916612196
Random_seq_448	164	0.457416931688
Random_seq_449	39	0.450710861287
Random_seq_453	125	0.608746132391	36	0.48880008274
Random_seq_455	161	0.483196385328	99	0.471867593319
Random_seq_458	119	0.511203473827	161	0.475534473741
Random_seq_459	111	0.459854326835
Random_seq_460	170	0.547844309163
Random_seq_461	118	0.448582276549
Random_seq_462	22	0.680934219997	158	0.503208316176
Random_seq_465	48	0.734911711955	94	0.465633835959
Random_seq_466	45	0.460305087747
Random_seq_467	114	0.463170014505
Random_seq_472	115	0.45178413769
Random_seq_474	132	0.48880008274
Random_seq_477	18	0.465850967533
Random_seq_48	130	0.529663379378
Random_seq_482	158	0.485752922727
Random_seq_489	54	0.597437524994
Random_seq_491	160	0.512326067243
Random_seq_494	34	0.515453374773	111	0.477155844466
Random_seq_495	26	0.480179449605
Random_seq_498	47	0.548239874205
Random_seq_5	62	0.536017958066
Random_seq_501	49	0.595293084427	181	0.544790924529	114	0.458277855705
Random_seq_505	115	0.558021068451	52	0.48880008274
Random_seq_506	91	0.512515720904
Random_seq_509	68	0.525514840972
Random_seq_51	21	0.458526669852	104	0.453947979158
Random_seq_510	32	0.531878917201
Random_seq_512	172	0.539537794932
Random_seq_514	170	0.567432651092	132	0.545162240128
Random_seq_516	130	0.694122678778
Random_seq_517	21	0.45178413769
Random_seq_518	139	0.615573910231
Random_seq_52	133	0.562980877022	47	0.487308997445
Random_seq_522	132	0.602762678915	168	0.567138439814	69	0.541918590529	171	0.515051244261
Random_seq_526	148	0.472779546555
Random_seq_528	27	0.839690043735	66	0.459598619389
Random_seq_533	166	0.542975864076
Random_seq_537	111	0.548239874205
Random_seq_54	74	0.57874969083
Random_seq_542	88	0.562712419556
Random_seq_543	154	0.462488477973
Random_seq_544	40	0.462285872318
Random_seq_545	159	0.463791702344	43	0.463583585566	165	0.453496167506
Random_seq_547	71	0.562712419556
Random_seq_550	72	0.448990333265
Random_seq_551	75	0.60191360803	145	0.495940764157
Random_seq_553	28	0.596460766196
Random_seq_557	52	0.48126397287
Random_seq_561	73	0.569667176079	130	0.497309681423	65	0.492552643443	139	0.475979439664	97	0.475093556699	49	0.46938620909
Random_seq_562	108	0.460956393904	75	0.457845481721	27	0.456751061205
Random_seq_564	101	0.963188092906
Random_seq_567	61	0.556443166034
Random_seq_568	170	0.527544727235
Random_seq_569	109	0.73078908532	175	0.461417573646
Random_seq_570	179	0.528328406557
Random_seq_573	152	0.642890559899	42	0.609443359507	155	0.479405677498
Random_seq_578	73	0.547062736597
Random_seq_58	177	0.523566580626	32	0.500464765651	118	0.480179449605
Random_seq_581	130	0.499005123707
Random_seq_589	19	0.687501282603
Random_seq_592	58	0.56661331964	131	0.465345832445
Random_seq_594	127	0.465633835959
Random_seq_595	48	0.455038223517
Random_seq_6	25	0.5699771992
Random_seq_60	78	0.541918590529
Random_seq_602	32	0.508331139827	155	0.47396560276
Random_seq_603	94	0.512326067243	19	0.490458900661
Random_seq_608	81	0.50212284634
Random_seq_614	20	0.495671560972
Random_seq_616	154	0.549446321135
Random_seq_617	127	0.473453734107
Random_seq_619	150	0.652458990074	108	0.456094216971
Random_seq_62	145	0.621321123287
Random_seq_626	136	0.495940764157
Random_seq_630	122	0.53075848697
Random_seq_632	86	0.509210591345
Random_seq_634	131	0.469152683585
Random_seq_635	97	0.519013332039
Random_seq_636	19	0.465130947621
Random_seq_639	24	0.53758626481	92	0.455038223517
Random_seq_64	34	0.560208192235	84	0.473031268932
Random_seq_647	131	0.526014396413
Random_seq_650	87	0.495005024348
Random_seq_651	108	0.460499562049
Random_seq_657	101	0.458526669852
Random_seq_658	116	0.498718398323	41	0.466951464082
Random_seq_663	154	0.556443166034
Random_seq_664	122	0.533025868938
Random_seq_666	59	0.610008455691
Random_seq_67	45	0.613088419349
Random_seq_676	77	0.461816394404
Random_seq_677	22	0.465345832445
Random_seq_68	81	0.600026987315
Random_seq_683	51	0.478080613918
Random_seq_686	18	0.497588167526
Random_seq_687	120	0.524530919887	87	0.447726400143
Random_seq_691	88	0.472114610584
Random_seq_695	44	0.575926186481	142	0.575575812947	27	0.467623962211	139	0.458714122498
Random_seq_700	116	0.573324792032	69	0.473284305792
Random_seq_702	17	0.489979129924
Random_seq_705	175	0.730446635495	47	0.470972486533	150	0.470571022359
Random_seq_706	172	0.464280812682
Random_seq_708	81	0.453104258796
Random_seq_709	147	0.545913517945	180	0.527544727235	41	0.484564410673	165	0.474137434318	68	0.468077536024
Random_seq_710	170	0.466288171539
Random_seq_715	97	0.595293084427
Random_seq_718	66	0.447726400143
Random_seq_719	78	0.575020432099
Random_seq_726	24	0.449869034277
Random_seq_729	129	0.524046351363
Random_seq_736	143	0.756759880879	29	0.455446157544
Random_seq_737	92	0.479887835193
Random_seq_742	56	0.484778346776
Random_seq_744	50	0.489268264629
Random_seq_745	78	0.52728629223
Random_seq_747	17	0.467398757552
Random_seq_749	80	0.618025855628
Random_seq_75	163	0.462017042511
Random_seq_752	111	0.836087421305
Random_seq_753	92	0.498575669358
Random_seq_755	18	0.478267704686	167	0.473031268932
Random_seq_757	145	0.462488477973
Random_seq_762	40	0.535710297042
Random_seq_764	125	0.501969745269	86	0.4923015732
Random_seq_766	182	0.474396329583
Random_seq_767	93	0.639640865459	143	0.470972486533	81	0.466951464082
Random_seq_768	142	0.650782129029	52	0.478738616541	133	0.45135197029
Random_seq_769	59	0.455446157544
Random_seq_773	60	0.526773520793
Random_seq_777	69	0.508505757848
Random_seq_778	127	0.448785875372
Random_seq_779	176	0.633268730616
Random_seq_781	57	0.505127634339	139	0.459407720461
Random_seq_783	156	0.58336062939	71	0.460499562049
Random_seq_795	183	0.54629357047
Random_seq_8	147	0.522155127968
Random_seq_80	98	0.479887835193
Random_seq_802	172	0.538878513353
Random_seq_805	116	0.506283379551
Random_seq_808	123	0.464704015797
Random_seq_816	112	0.539537794932	69	0.53758626481
Random_seq_817	169	0.454175474639
Random_seq_819	49	0.53758626481	102	0.471703611949
Random_seq_82	83	0.607515860279
Random_seq_820	152	0.655631817991	36	0.451137323433
Random_seq_821	90	0.484351414952
Random_seq_823	181	0.485752922727	44	0.475093556699
Random_seq_826	67	0.545162240128
Random_seq_827	37	0.586493403269
Random_seq_829	161	0.517726802084
Random_seq_83	63	0.538552206069
Random_seq_830	170	0.478080613918
Random_seq_831	160	0.518580682303
Random_seq_834	70	0.635621447486
Random_seq_835	21	0.582467023288	116	0.496075928675
Random_seq_839	60	0.620431989193
Random_seq_842	74	0.511761519709
Random_seq_844	160	0.575297326844
Random_seq_85	37	0.502895692843
Random_seq_850	61	0.449401855471
Random_seq_853	105	0.563522295487
Random_seq_854	135	0.465345832445
Random_seq_855	145	0.582467023288
Random_seq_860	96	0.465130947621
Random_seq_864	58	0.593239537789	139	0.474656615519	45	0.465633835959	176	0.45135197029
Random_seq_867	126	0.501969745269
Random_seq_869	36	0.468535395638
Random_seq_870	23	0.447926427046
Random_seq_872	145	0.503681065765
Random_seq_873	167	0.730446635495	59	0.721868590568	172	0.657488614068	82	0.625439592533
Random_seq_882	164	0.517726802084	116	0.470093615063
Random_seq_883	138	0.45266021034
Random_seq_885	108	0.465633835959
Random_seq_887	138	0.638094251772	81	0.635863126035	144	0.558558664418
Random_seq_891	89	0.590598472241	179	0.473708992547
Random_seq_893	112	0.500464765651
Random_seq_896	51	0.529124968854
Random_seq_897	34	0.451567572196
Random_seq_908	55	0.530482381103	155	0.497868263385	83	0.468535395638	44	0.450078123915	143	0.447926427046
Random_seq_91	95	0.744843826739	28	0.468535395638	102	0.466508261767
Random_seq_912	80	0.47396560276	42	0.470331730769
Random_seq_916	96	0.479887835193
Random_seq_917	87	0.528065769336	18	0.49070057921	99	0.446836358718
Random_seq_919	63	0.625439592533
Random_seq_922	41	0.448785875372
Random_seq_923	57	0.455916612196
Random_seq_924	63	0.94827012976	108	0.517096123568	66	0.491556074671
Random_seq_925	101	0.500464765651
Random_seq_927	164	0.497171036268
Random_seq_928	165	0.48403366661	32	0.464704015797	159	0.464491952226
Random_seq_931	75	0.761378273704
Random_seq_932	155	0.500464765651
Random_seq_934	100	0.457416931688
Random_seq_937	122	0.562712419556	155	0.446836358718
Random_seq_94	145	0.586231711642
Random_seq_945	28	0.487308997445	181	0.476881820464
Random_seq_946	68	0.4992935558
Random_seq_950	136	0.456751061205
Random_seq_951	175	0.506618719634	103	0.495671560972
Random_seq_952	25	0.52859247505
Random_seq_959	42	0.508331139827
Random_seq_96	42	0.497309681423
Random_seq_961	22	0.679541871468	168	0.478267704686
Random_seq_965	45	0.509210591345
Random_seq_976	142	0.579881021173
Random_seq_978	123	0.605402982863	45	0.524775033494
Random_seq_98	101	0.450078123915
Random_seq_984	47	0.704814633912
Random_seq_99	109	0.45135197029
Random_seq_990	130	0.516473548213
Random_seq_995	172	0.525020383125
Random_seq_996	44	0.577353578305	168	0.522155127968
